Real
0.049210
0.097094
0.108318
0.072568
0.034967
0.033674
0.070567
0.120021
0.126166
0.087181
0.071466
0.105451
0.113905
0.072731
0.115627
0.212272
0.236464
0.212920
0.272411
0.412132
0.516569
0.468653
0.225881
0.151234
0.388825
0.405371
0.232729
0.084787
0.171689
0.225116
0.204439
0.089794
0.072716
0.181779
0.181659
0.118867
0.109658
0.137384
0.138729
0.116084
0.106843
0.162358
0.229588
0.245936
0.214109
0.193886
0.198868
0.199631
0.179142
0.115547
0.083898
0.131280
0.124777
0.096242
0.097914
0.132054
0.203870
0.213344
0.128395
0.051746
0.060015
0.163778
0.313557
0.357826
0.245565
0.059935
0.097109
0.112373
0.035042
0.054415
0.080843
0.062451
0.059417
0.078881
0.106845
0.100758
0.072101
0.122495
0.130702
0.035981
0.109994
0.199587
0.246487
0.338520
0.408804
0.367800
0.249256
0.170695
0.193046
0.261417
0.306370
0.258412
0.112975
0.174100
0.361092
0.411999
0.261388
0.109224
0.381011
0.471905
0.276880
0.084654
0.371205
0.410134
0.243838
0.168838
0.222792
0.176026
0.102143
0.039389
0.101427
0.235866
0.318487
0.334631
0.302240
0.237397
0.164458
0.114193
0.106814
0.128911
0.160253
0.221552
0.323687
0.415521
0.425296
0.322934
0.154462
0.090824
0.169433
0.196918
0.176802
0.109085
0.054637
0.152152
0.184556
0.122389
0.050555
0.036840
0.201762
0.368258
0.377896
0.218125
0.189645
0.262940
0.173559
0.051599
0.068451
0.081143
0.197033
0.196128
0.068698
0.130492
0.154271
0.052790
0.067823
0.179890
0.332636
0.420885
0.334858
0.114506
0.110640
0.204918
0.188594
0.131221
0.051206
0.076292
0.184956
0.205983
0.101184
0.075767
0.208417
0.260190
0.344820
0.443338
0.406606
0.243286
0.177489
0.193297
0.089774
0.069820
0.131345
0.077995
0.171845
0.301998
0.329734
0.262690
0.168992
0.151540
0.208668
0.212652
0.104890
0.113678
0.295161
0.356850
0.283398
0.227039
0.279401
0.286908
0.241248
0.214937
0.225263
0.322443
0.458078
0.478180
0.299459
0.029287
0.274258
0.311653
0.123756
0.140413
0.267938
0.234589
0.170588
0.144378
0.199194
0.332859
0.381502
0.324923
0.256709
0.235629
0.261789
0.261217
0.160959
0.043723
0.101686
0.117918
0.231023
0.342681
0.334671
0.220346
0.094288
0.078625
0.111452
0.129559
0.145104
0.138210
0.080535
0.124767
0.281823
0.390260
0.395881
0.308616
0.181621
0.082301
0.050916
0.044099
0.104697
0.151472
0.130467
0.070189
0.044245
0.086696
0.157936
0.187150
0.204766
0.276125
0.273800
0.116328
0.118704
0.231166
0.146853
0.257020
0.505808
0.562865
0.405828
0.187579
0.112355
0.143148
0.193600
0.202540
0.126185
0.067545
0.133427
0.149339
0.115874
0.089682
0.097178
0.128210
0.164457
0.171782
0.136304
0.081897
0.094599
0.155582
0.167598
0.122710
0.213682
0.389993
0.469919
0.410302
0.339276
0.351042
0.301079
0.179499
0.098611
0.043602
0.189528
0.238881
0.087087
0.154906
0.272642
0.265229
0.422694
0.532343
0.373077
0.043626
0.208203
0.237920
0.177208
0.230535
0.238237
0.181963
0.142523
0.135059
0.194146
0.290851
0.349654
0.314468
0.182929
0.076214
0.188372
0.239466
0.179536
0.149262
0.243855
0.264579
0.214716
0.193104
0.166247
0.127660
0.138019
0.145319
0.155373
0.160098
0.152949
0.167504
0.177669
0.172198
0.122875
0.041173
0.161434
0.206288
0.112535
0.053684
0.195560
0.276165
0.297437
0.261339
0.215619
0.204289
0.174988
0.117861
0.110142
0.158456
0.219540
0.284634
0.298381
0.202065
0.038202
0.157922
0.233900
0.235702
0.211712
0.197192
0.214434
0.190098
0.125576
0.115962
0.059505
0.135328
0.254256
0.247691
0.194963
0.152486
0.112540
0.310512
0.419957
0.315435
0.152886
0.177888
0.143655
0.130231
0.208637
0.266772
0.290573
0.196720
0.200815
0.410291
0.465293
0.361546
0.316775
0.357571
0.349732
0.319041
0.293249
0.291519
0.327131
0.348425
0.313871
0.232995
0.231318
0.338217
0.407285
0.430656
0.448802
0.426769
0.335363
0.219280
0.144181
0.133000
0.151667
0.158920
0.146129
0.131496
0.137475
0.157960
0.173990
0.180288
0.168843
0.146289
0.140652
0.133205
0.109853
0.109486
0.131347
0.171161
0.197562
0.166627
0.161825
0.234117
0.257643
0.226756
0.195718
0.144405
0.064008
0.007450
0.033042
0.061013
0.028888
0.094649
0.187061
0.161905
0.026840
0.156915
0.230268
0.235090
0.262275
0.228947
0.092144
0.245741
0.430881
0.462424
0.359413
0.208031
0.075449
0.161985
0.254651
0.227688
0.131338
0.097047
0.185146
0.339540
0.445786
0.478643
0.501546
0.474630
0.356702
0.335495
0.474144
0.556180
0.503684
0.327521
0.120834
0.039667
0.046052
0.189385
0.267481
0.208337
0.101678
0.047342
0.160042
0.309540
0.295240
0.098611
0.218528
0.305747
0.152782
0.116442
0.278827
0.335301
0.383958
0.326451
0.098200
0.158127
0.243342
0.153294
0.109580
0.200768
0.332343
0.334557
0.075593
0.318026
0.562463
0.523021
0.436027
0.500847
0.453342
0.272134
0.160570
0.206147
0.252945
0.229031
0.208364
0.195836
0.097463
0.137867
0.189336
0.134936
0.135774
0.144582
0.218313
0.310741
0.282692
0.182822
0.051822
0.149737
0.290454
0.208737
0.101128
0.336599
0.368526
0.282519
0.238463
0.080036
0.172922
0.292271
0.173262
0.044208
0.113240
0.023489
0.119702
0.175501
0.335234
0.385160
0.130729
0.285168
0.524948
0.422945
0.297997
0.399006
0.280320
0.023885
0.219485
0.181123
0.090761
0.115761
0.044455
0.190864
0.250207
0.206929
0.233162
0.237159
0.131170
0.137607
0.274000
0.348063
0.349262
0.314293
0.297462
0.321056
0.369890
0.409473
0.402997
0.338442
0.233263
0.117317
0.044414
0.101528
0.148512
0.216018
0.316222
0.364186
0.324737
0.259954
0.264912
0.357444
0.442870
0.426979
0.323451
0.259240
0.313740
0.408167
0.432033
0.323372
0.168460
0.153801
0.130838
0.133376
0.254578
0.324867
0.348503
0.346340
0.272001
0.123529
0.051475
0.154024
0.218359
0.249499
0.237111
0.203425
0.145229
0.038987
0.232173
0.395693
0.395049
0.258776
0.149232
0.091225
0.107282
0.274603
0.371092
0.369655
0.317904
0.283519
0.320390
0.330238
0.231140
0.106625
0.110916
0.082882
0.056172
0.194411
0.294369
0.270640
0.231948
0.410273
0.501490
0.341182
0.122843
0.263775
0.226841
0.129119
0.340675
0.411810
0.301599
0.152889
0.079315
0.109494
0.205916
0.262656
0.271517
0.244864
0.152682
0.132328
0.300292
0.339972
0.147761
0.197981
0.483308
0.526485
0.317717
0.032420
0.228488
0.348611
0.382596
0.329446
0.217286
0.135425
0.144820
0.232156
0.292366
0.259721
0.178999
0.185331
0.267174
0.274945
0.141610
0.081711
0.234516
0.226306
0.104197
0.112874
0.235649
0.374562
0.455838
0.422452
0.336872
0.313021
0.380380
0.439158
0.371789
0.199176
0.125465
0.103877
0.226419
0.468398
0.556798
0.417785
0.152553
0.087034
0.182467
0.171408
0.217956
0.314789
0.304353
0.239091
0.357469
0.476440
0.451690
0.346899
0.288967
0.336164
0.418225
0.437952
0.386336
0.341852
0.358146
0.382182
0.368497
0.343079
0.283762
0.189500
0.317907
0.441816
0.356321
0.155085
0.091893
0.073180
0.236692
0.327720
0.215147
0.048723
0.089722
0.218036
0.495693
0.624247
0.474113
0.159349
0.093605
0.153669
0.085836
0.114206
0.178632
0.239388
0.334093
0.416212
0.408522
0.311289
0.230646
0.219099
0.212813
0.227677
0.256880
0.267480
0.273054
0.301562
0.339435
0.347727
0.328155
0.314343
0.320318
0.334047
0.327138
0.289662
0.244162
0.213214
0.199580
0.156132
0.115781
0.248626
0.372806
0.419967
0.430514
0.398576
0.307527
0.270912
0.338205
0.399862
0.407556
0.325064
0.218034
0.285465
0.391785
0.430782
0.384818
0.256467
0.299466
0.463898
0.444228
0.240117
0.165601
0.239997
0.180339
0.181406
0.293989
0.352804
0.363923
0.340739
0.283731
0.231928
0.233459
0.280244
0.333143
0.352336
0.310546
0.221005
0.128087
0.105755
0.216843
0.322239
0.340039
0.282666
0.224836
0.221627
0.262458
0.274198
0.216414
0.157028
0.151915
0.117595
0.120653
0.227231
0.309620
0.316376
0.228677
0.056766
0.158997
0.291773
0.256987
0.053092
0.214552
0.383373
0.372905
0.224561
0.122363
0.220748
0.278795
0.256476
0.224305
0.244333
0.270925
0.269663
0.229989
0.158762
0.101383
0.096576
0.138732
0.174695
0.162907
0.129630
0.146254
0.217296
0.254618
0.183396
0.053036
0.180854
0.264659
0.279862
0.309996
0.343394
0.338904
0.319324
0.320974
0.336674
0.319221
0.236642
0.130649
0.150894
0.206241
0.175194
0.062599
0.090153
0.205422
0.239330
0.184235
0.100182
0.044714
0.045440
0.168875
0.244755
0.222065
0.141968
0.081295
0.120903
0.261130
0.388156
0.413785
0.307301
0.127422
0.085247
0.130320
0.133881
0.145435
0.104486
0.110978
0.154886
0.126903
0.236908
0.350867
0.295908
0.125112
0.153433
0.199615
0.122034
0.014804
0.075440
0.129010
0.153293
0.099349
0.079087
0.192998
0.225578
0.169235
0.113877
0.161114
0.245012
0.240993
0.154952
0.209081
0.218449
0.062478
0.232956
0.318222
0.166470
0.074604
0.172986
0.058833
0.157821
0.235075
0.141715
0.077130
0.110657
0.074626
0.076408
0.126604
0.222387
0.236680
0.128897
0.157694
0.238880
0.192802
0.091271
0.028502
0.044107
0.082139
0.073797
0.047969
0.063192
0.123849
0.170379
0.158651
0.137177
0.143176
0.134875
0.178193
0.262238
0.284710
0.198928
0.071742
0.161345
0.201122
0.145640
0.114945
0.129105
0.168757
0.205638
0.234095
0.324889
0.362376
0.257546
0.144239
0.182668
0.157797
0.063928
0.087301
0.235054
0.367244
0.395014
0.316241
0.229051
0.216621
0.263749
0.318391
0.290614
0.145992
0.209677
0.396754
0.408184
0.268025
0.226037
0.259882
0.164660
0.035795
0.142308
0.187939
0.190983
0.141462
0.011804
0.154781
0.260688
0.230471
0.096722
0.132314
0.192086
0.176760
0.224943
0.279698
0.278522
0.265656
0.219722
0.109691
0.124667
0.252392
0.306545
0.269891
0.205501
0.162859
0.090988
0.110833
0.164872
0.108459
0.169816
0.279015
0.230775
0.063437
0.140954
0.201789
0.165559
0.113696
0.075456
0.083101
0.194746
0.345959
0.424380
0.345588
0.170680
0.138884
0.168123
0.244860
0.374042
0.382634
0.256690
0.117675
0.091848
0.178737
0.264167
0.284550
0.249221
0.184235
0.121480
0.099175
0.157886
0.325056
0.474881
0.504744
0.387792
0.162891
0.071203
0.184739
0.150661
0.249361
0.420498
0.468848
0.402634
0.257238
0.049348
0.128406
0.141491
0.124255
0.251807
0.213711
0.084458
0.276005
0.293492
0.094357
0.142747
0.220470
0.104576
0.090182
0.217205
0.186393
0.053345
0.312629
0.505104
0.495280
0.341163
0.177278
0.029455
0.283975
0.464447
0.440680
0.261707
0.119118
0.160711
0.257655
0.302720
0.249459
0.199092
0.221851
0.277993
0.371554
0.374233
0.203376
0.047450
0.184018
0.086496
0.175993
0.392287
0.388075
0.177550
0.130897
0.262945
0.301397
0.343276
0.328446
0.203289
0.138626
0.205782
0.171613
0.073506
0.179876
0.292533
0.318891
0.251267
0.129416
0.062458
0.015304
0.140043
0.312116
0.355077
0.237606
0.160210
0.180791
0.061745
0.159537
0.286304
0.240948
0.119023
0.170040
0.232451
0.223142
0.178373
0.154103
0.208042
0.322683
0.401150
0.369905
0.263098
0.185992
0.137332
0.065269
0.023618
0.110957
0.190615
0.236302
0.251671
0.193408
0.040006
0.148295
0.186913
0.165479
0.297425
0.308351
0.113100
0.178341
0.274467
0.199902
0.230646
0.271851
0.195471
0.268879
0.444133
0.558243
0.564072
0.438290
0.240945
0.090960
0.053118
0.096104
0.135209
0.130800
0.112343
0.111509
0.091490
0.032167
0.029281
0.098808
0.217240
0.279423
0.175225
0.065029
0.219951
0.152299
0.140519
0.370133
0.389282
0.221946
0.084848
0.121648
0.315427
0.461121
0.411998
0.275763
0.294890
0.300974
0.238147
0.305340
0.388273
0.336400
0.301318
0.471543
0.561918
0.450771
0.249873
0.171415
0.225609
0.248116
0.180429
0.204913
0.342372
0.354790
0.260146
0.224630
0.216842
0.168159
0.259907
0.432978
0.515055
0.435413
0.250255
0.163110
0.191700
0.154489
0.129102
0.191321
0.252374
0.281995
0.297183
0.290242
0.235762
0.215033
0.265135
0.241356
0.143676
0.221011
0.361388
0.396147
0.295345
0.164829
0.252782
0.301453
0.167942
0.071025
0.251068
0.258693
0.135403
0.131480
0.164136
0.100879
0.194867
0.330959
0.365984
0.311475
0.260326
0.313663
0.432158
0.522668
0.530215
0.452864
0.338880
0.249578
0.211523
0.222929
0.274772
0.331818
0.345465
0.283276
0.162972
0.060580
0.061636
0.188844
0.358107
0.430395
0.320063
0.072640
0.162629
0.245773
0.176555
0.187981
0.303436
0.343135
0.316322
0.290193
0.304808
0.325530
0.302782
0.254657
0.228384
0.236728
0.286777
0.310837
0.237244
0.114318
0.093377
0.070815
0.115287
0.249963
0.328253
0.330254
0.248571
0.081038
0.152602
0.266441
0.225109
0.171106
0.252709
0.254133
0.186017
0.213631
0.249630
0.246908
0.250081
0.221532
0.150667
0.107927
0.163047
0.230064
0.233105
0.222863
0.267489
0.269435
0.226491
0.250609
0.281694
0.257516
0.227726
0.241226
0.277805
0.284670
0.250887
0.172759
0.091046
0.323361
0.536170
0.547644
0.359997
0.247444
0.360429
0.381360
0.330543
0.333231
0.320802
0.272269
0.312583
0.319299
0.149662
0.133746
0.352488
0.381175
0.254969
0.146646
0.156550
0.193297
0.216900
0.180172
0.113052
0.104428
0.147570
0.172810
0.106424
0.090271
0.218507
0.201457
0.044197
0.177493
0.243193
0.178326
0.150977
0.207606
0.295147
0.356503
0.332201
0.344778
0.398111
0.306846
0.105666
0.235315
0.364855
0.397390
0.400330
0.341481
0.157686
0.162438
0.379539
0.395641
0.289042
0.409395
0.499899
0.348674
0.135670
0.196341
0.144040
0.082774
0.187615
0.160505
0.138066
0.188223
0.194951
0.248421
0.271075
0.171984
0.029538
0.066140
0.217260
0.396417
0.431310
0.265941
0.033203
0.099278
0.059602
0.162730
0.271622
0.287180
0.276052
0.295218
0.352193
0.389332
0.358044
0.309289
0.281950
0.271187
0.289507
0.251657
0.115416
0.060237
0.173367
0.298720
0.428144
0.450602
0.321968
0.137589
0.120271
0.122279
0.039898
0.067805
0.158349
0.255770
0.282028
0.224454
0.246953
0.332547
0.371620
0.341666
0.196790
0.185371
0.379419
0.394510
0.275313
0.314824
0.419280
0.419194
0.339193
0.290087
0.315364
0.288539
0.235985
0.271743
0.316883
0.341129
0.315976
0.210128
0.078159
0.056996
0.135623
0.071337
0.191698
0.509081
0.639738
0.482517
0.216271
0.213693
0.232698
0.172979
0.227646
0.358698
0.376044
0.311462
0.381633
0.346434
0.050562
0.316929
0.431579
0.225329
0.162677
0.290645
0.191437
0.134398
0.174838
0.138313
0.085784
0.095556
0.273998
0.298649
0.123873
0.194096
0.277256
0.217023
0.223299
0.168845
0.169617
0.320424
0.287852
0.277926
0.403784
0.302521
0.031855
0.328655
0.373163
0.166857
0.086379
0.187080
0.139757
0.182354
0.282703
0.330684
0.318281
0.238412
0.150149
0.181362
0.220411
0.160506
0.051251
0.170087
0.231360
0.182493
0.162985
0.211696
0.183546
0.122218
0.160706
0.161859
0.081990
0.095126
0.111550
0.027322
0.135568
0.200038
0.146101
0.064674
0.093921
0.201853
0.339344
0.385834
0.296330
0.146675
0.051798
0.053458
0.104972
0.129513
0.109711
0.128950
0.192929
0.226933
0.202285
0.114326
0.036042
0.147940
0.194048
0.155131
0.090096
0.059156
0.097458
0.146010
0.123341
0.046680
0.048716
0.067188
0.122527
0.156756
0.116107
0.060948
0.084478
0.168534
0.230872
0.199964
0.129510
0.101598
0.035424
0.131711
0.199726
0.200925
0.275959
0.327761
0.252100
0.137455
0.129573
0.130924
0.134807
0.172745
0.211237
0.241913
0.257624
0.222265
0.113662
0.015924
0.074220
0.040573
0.076838
0.114517
0.137336
0.162140
0.104270
0.017186
0.070319
0.065041
0.290496
0.483488
0.506465
0.352987
0.128419
0.151040
0.250482
0.231999
0.182460
0.159157
0.066677
0.156667
0.301990
0.298778
0.142799
0.070150
0.193623
0.171807
0.122006
0.211945
0.207476
0.068989
0.164774
0.236192
0.115552
0.156340
0.408812
0.535628
0.496712
0.336337
0.209518
0.332375
0.448623
0.419912
0.310882
0.222133
0.093908
0.160552
0.292708
0.269602
0.301124
0.413338
0.353999
0.233634
0.337068
0.397374
0.360770
0.277225
0.122926
0.091431
0.092816
0.187366
0.442365
0.515565
0.339946
0.122565
0.191212
0.334951
0.516152
0.586179
0.482854
0.271998
0.154230
0.381654
0.511374
0.418082
0.210369
0.097862
0.133336
0.338541
0.500008
0.492229
0.346205
0.160469
0.051789
0.132220
0.149682
0.138063
0.143457
0.088075
0.120631
0.328692
0.505242
0.594872
0.609589
0.557628
0.407920
0.198861
0.109761
0.061356
0.168805
0.399226
0.496198
0.413044
0.239310
0.108991
0.216603
0.418784
0.584213
0.645952
0.587067
0.445383
0.300279
0.229164
0.204210
0.136272
0.036028
0.132877
0.226026
0.284825
0.310338
0.314847
0.383354
0.518993
0.627137
0.661954
0.629494
0.564784
0.495596
0.421644
0.400451
0.451783
0.446066
0.399008
0.459687
0.483323
0.315229
0.217800
0.423939
0.446962
0.281222
0.327851
0.466582
0.415040
0.290255
0.284818
0.254341
0.190009
0.230588
0.235361
0.168662
0.098657
0.184109
0.405385
0.543818
0.492205
0.317374
0.202826
0.271455
0.455823
0.558705
0.441231
0.164356
0.087203
0.176805
0.295068
0.444024
0.442684
0.289357
0.118118
0.040254
0.106009
0.133150
0.132540
0.219350
0.291909
0.308765
0.302061
0.263843
0.187704
0.229212
0.515034
0.767390
0.768145
0.502166
0.180551
0.035661
0.186689
0.388850
0.447295
0.374179
0.328154
0.279811
0.272600
0.342697
0.306680
0.188917
0.142364
0.226102
0.332748
0.334855
0.282527
0.276003
0.252573
0.330539
0.420399
0.343078
0.194497
0.308402
0.569034
0.729633
0.616351
0.288891
0.195593
0.239610
0.303036
0.499470
0.495717
0.314952
0.288077
0.347098
0.471860
0.642940
0.648290
0.473040
0.270876
0.165491
0.157479
0.182622
0.219706
0.300943
0.379875
0.384254
0.295174
0.166936
0.071094
0.043340
0.147074
0.215579
0.217087
0.211569
0.257094
0.308757
0.269278
0.112066
0.089231
0.164519
0.223181
0.352060
0.374431
0.352667
0.469846
0.477365
0.263029
0.120757
0.218211
0.182975
0.132272
0.071323
0.247575
0.402425
0.346685
0.208875
0.223757
0.125809
0.216405
0.427338
0.407288
0.226424
0.188255
0.202165
0.195632
0.258579
0.261346
0.211328
0.221538
0.329600
0.437244
0.439075
0.340209
0.219996
0.140533
0.234655
0.317131
0.263677
0.173252
0.118712
0.077831
0.271119
0.356526
0.302706
0.339071
0.384483
0.261995
0.135003
0.172212
0.134727
0.124570
0.075284
0.113787
0.295236
0.312607
0.161362
0.028685
0.045508
0.132072
0.278784
0.323145
0.268336
0.211131
0.220945
0.273624
0.287006
0.226831
0.134874
0.081102
0.103158
0.130344
0.138592
0.173587
0.264857
0.352794
0.351963
0.248535
0.137751
0.091638
0.118881
0.204028
0.199830
0.104172
0.043014
0.057680
0.236309
0.369775
0.338281
0.218921
0.208830
0.172180
0.110995
0.235832
0.293095
0.248325
0.194756
0.205282
0.263358
0.298592
0.262296
0.184555
0.184327
0.243270
0.230524
0.145404
0.172744
0.237028
0.185038
0.152375
0.286041
0.374864
0.383193
0.324486
0.183080
0.016595
0.169341
0.232237
0.211854
0.126283
0.142433
0.259904
0.222419
0.106030
0.319114
0.425207
0.328109
0.171185
0.170959
0.271538
0.387789
0.462777
0.500823
0.485313
0.395126
0.355256
0.352296
0.212939
0.114207
0.305895
0.398951
0.351112
0.140525
0.248187
0.536756
0.625689
0.591480
0.561526
0.440936
0.323348
0.409196
0.383077
0.247188
0.261452
0.238849
0.250494
0.416722
0.510646
0.517970
0.452035
0.304903
0.217576
0.262949
0.287318
0.294450
0.285279
0.259929
0.222808
0.160887
0.121029
0.079994
0.132963
0.293605
0.367268
0.297491
0.125716
0.090943
0.244599
0.298421
0.244963
0.164032
0.140407
0.116766
0.084688
0.154806
0.255779
0.319939
0.332078
0.307057
0.272137
0.251691
0.255996
0.282142
0.307619
0.305695
0.279868
0.256291
0.264987
0.308877
0.341785
0.330417
0.283565
0.245406
0.255410
0.264690
0.239870
0.234459
0.238852
0.183683
0.115747
0.181704
0.263017
0.283963
0.254943
0.220630
0.217223
0.251884
0.307656
0.343936
0.325434
0.246478
0.159133
0.174231
0.232933
0.265142
0.313818
0.408966
0.475418
0.419611
0.236010
0.172346
0.347132
0.425041
0.376736
0.272116
0.203798
0.226748
0.280439
0.281627
0.221380
0.177830
0.184382
0.175450
0.144883
0.197634
0.346888
0.442668
0.414058
0.327011
0.281502
0.270512
0.298992
0.321886
0.276790
0.207120
0.187389
0.256128
0.343632
0.334888
0.220481
0.159222
0.218127
0.239246
0.299815
0.408118
0.388715
0.169080
0.142776
0.343387
0.341041
0.308830
0.400002
0.406471
0.286544
0.175736
0.191398
0.307946
0.414665
0.405644
0.274323
0.115933
0.066850
0.094957
0.118223
0.112058
0.093936
0.082129
0.058689
0.166307
0.273418
0.309790
0.302622
0.284665
0.276549
0.273383
0.242671
0.302654
0.396921
0.323333
0.179922
0.371973
0.510604
0.466541
0.342754
0.304517
0.390544
0.433284
0.333289
0.145206
0.026576
0.129172
0.266402
0.359260
0.341822
0.265888
0.231911
0.250211
0.274446
0.267714
0.235777
0.229121
0.271638
0.325528
0.317090
0.203092
0.022422
0.135638
0.182944
0.104850
0.061597
0.188810
0.252941
0.291915
0.321008
0.274365
0.211580
0.282118
0.331511
0.279566
0.168129
0.078677
0.209254
0.288615
0.210639
0.192335
0.387773
0.480357
0.408288
0.239031
0.076181
0.041859
0.058481
0.155539
0.289189
0.354666
0.300266
0.154018
0.018920
0.092601
0.178131
0.256983
0.241922
0.130246
0.085258
0.203861
0.343554
0.402543
0.301575
0.155477
0.189226
0.168863
0.188151
0.325441
0.363555
0.282235
0.185442
0.241829
0.347710
0.368268
0.294722
0.145281
0.094780
0.267137
0.270808
0.064917
0.213912
0.380081
0.384830
0.329336
0.237623
0.113082
0.217506
0.277529
0.183697
0.049138
0.073674
0.082284
0.116934
0.195320
0.259551
0.257886
0.232469
0.250559
0.233836
0.254071
0.326086
0.220627
0.105523
0.431840
0.508705
0.246310
0.192253
0.494630
0.495836
0.278323
0.199677
0.269940
0.219045
0.130500
0.139063
0.147132
0.110820
0.132792
0.154773
0.077422
0.102106
0.234060
0.276106
0.237287
0.183643
0.167255
0.191541
0.232679
0.271011
0.302498
0.323216
0.311541
0.264093
0.225823
0.234422
0.279252
0.311687
0.276909
0.192743
0.159280
0.241105
0.350603
0.361386
0.219254
0.060677
0.160970
0.144871
0.115654
0.212788
0.268119
0.279206
0.294125
0.316806
0.312387
0.271030
0.243210
0.279224
0.353486
0.385215
0.326479
0.229515
0.199650
0.276558
0.375202
0.372018
0.242684
0.098400
0.088663
0.167405
0.268541
0.329409
0.328772
0.236661
0.103792
0.241476
0.354013
0.358207
0.309626
0.218911
0.173023
0.216082
0.178767
0.096228
0.032863
0.137558
0.333949
0.413491
0.327428
0.183472
0.067216
0.128495
0.284460
0.330289
0.259477
0.180952
0.172186
0.237283
0.315026
0.332940
0.297867
0.259237
0.250333
0.266804
0.274685
0.266688
0.264811
0.276425
0.291904
0.301191
0.299512
0.287234
0.264574
0.249188
0.277734
0.315681
0.314485
0.316610
0.323541
0.245881
0.108217
0.085069
0.023599
0.183628
0.374159
0.425869
0.336953
0.224611
0.190832
0.230277
0.276928
0.273904
0.245958
0.251820
0.282774
0.304820
0.290878
0.240635
0.213283
0.216248
0.175364
0.164140
0.223129
0.176849
0.128208
0.314565
0.392648
0.297456
0.188095
0.223363
0.288519
0.357937
0.356318
0.239045
0.081425
0.017478
0.044736
0.119687
0.196009
0.250335
0.295836
0.321486
0.276153
0.138380
0.178776
0.347179
0.360853
0.195351
0.089225
0.261689
0.320223
0.306214
0.302206
0.304486
0.304509
0.292646
0.246416
0.229458
0.269679
0.279918
0.277297
0.300116
0.284983
0.255458
0.331286
0.404862
0.364670
0.253138
0.192561
0.250936
0.353948
0.357178
0.208147
0.183483
0.299529
0.225945
0.069540
0.216870
0.248270
0.168900
0.100424
0.044497
0.194391
0.306611
0.250426
0.050595
0.173616
0.262168
0.224102
0.201942
0.266798
0.398229
0.517488
0.518694
0.474631
0.503493
0.472807
0.353783
0.316289
0.300956
0.266142
0.306029
0.269814
0.131849
0.193089
0.304957
0.349623
0.363118
0.324902
0.223504
0.169466
0.217307
0.208965
0.149039
0.122171
0.156080
0.231076
0.197260
0.124296
0.349077
0.438327
0.273081
0.073257
0.209576
0.287059
0.436934
0.494531
0.348014
0.236355
0.300659
0.209461
0.029970
0.245939
0.320422
0.303014
0.353952
0.448493
0.481674
0.435873
0.337674
0.269383
0.300522
0.317724
0.271178
0.229211
0.238947
0.292739
0.341090
0.330270
0.281768
0.254325
0.273203
0.319282
0.327881
0.275737
0.228393
0.221762
0.189675
0.128347
0.151308
0.237729
0.281582
0.237660
0.111661
0.082387
0.155239
0.089613
0.124320
0.368325
0.532736
0.536978
0.393220
0.221990
0.189075
0.191295
0.131472
0.086386
0.175364
0.285774
0.328426
0.287575
0.222340
0.201649
0.230509
0.255331
0.235540
0.198001
0.204420
0.263491
0.299193
0.223824
0.164302
0.393425
0.574500
0.583061
0.472320
0.374039
0.312534
0.248092
0.240789
0.249211
0.193032
0.143812
0.149796
0.192015
0.338265
0.443787
0.380953
0.201321
0.198293
0.242626
0.122929
0.096294
0.308425
0.461952
0.520314
0.445847
0.264037
0.063458
0.130823
0.239027
0.240546
0.150187
0.067236
0.052055
0.225273
0.384706
0.408681
0.321503
0.223673
0.110502
0.069738
0.143084
0.202964
0.317268
0.326481
0.140042
0.143689
0.329632
0.341821
0.273437
0.241426
0.225421
0.249100
0.298253
0.296284
0.238143
0.166920
0.114466
0.106019
0.140960
0.142504
0.086752
0.033786
0.065042
0.160791
0.267834
0.312723
0.284312
0.199649
0.049705
0.198579
0.377682
0.407654
0.306425
0.230751
0.238147
0.236250
0.221466
0.176875
0.127577
0.158073
0.286440
0.429569
0.433448
0.240472
0.021505
0.138970
0.047878
0.290820
0.517657
0.586879
0.559553
0.472212
0.260236
0.078479
0.328661
0.432368
0.406826
0.363730
0.294257
0.129769
0.099808
0.276058
0.361630
0.375501
0.340063
0.306481
0.335184
0.330328
0.243538
0.236590
0.320725
0.332726
0.283412
0.254207
0.258466
0.274271
0.317124
0.390617
0.478593
0.530077
0.457974
0.242081
0.173955
0.349013
0.349874
0.171967
0.079420
0.243557
0.308099
0.295774
0.252525
0.228820
0.250827
0.295498
0.320980
0.285971
0.189725
0.094455
0.145771
0.270520
0.348189
0.322110
0.229351
0.158322
0.081178
0.056881
0.156479
0.166066
0.134955
0.149503
0.148219
0.176474
0.252490
0.298547
0.314288
0.297458
0.215556
0.102706
0.126440
0.168770
0.199057
0.319914
0.383947
0.254025
0.121396
0.372221
0.450909
0.297250
0.118074
0.221280
0.260842
0.232815
0.245473
0.325691
0.391273
0.372437
0.290122
0.220977
0.206139
0.234747
0.254889
0.244979
0.253861
0.307171
0.358580
0.342268
0.226388
0.073181
0.088135
0.091172
0.146204
0.281235
0.337927
0.284430
0.221172
0.263294
0.310501
0.299754
0.265876
0.255462
0.276809
0.320798
0.376953
0.415332
0.400471
0.334276
0.246010
0.140794
0.049616
0.101816
0.166703
0.264692
0.331472
0.285008
0.205703
0.219596
0.164274
0.082534
0.231110
0.261198
0.152948
0.106386
0.134111
0.125186
0.166304
0.174394
0.132617
0.106129
0.111579
0.160669
0.216392
0.257213
0.251824
0.203241
0.277468
0.370578
0.321632
0.221913
0.218163
0.151021
0.159648
0.344244
0.412060
0.323504
0.146728
0.052251
0.155138
0.177778
0.156003
0.192175
0.293692
0.354979
0.322892
0.272745
0.258675
0.178032
0.149816
0.277110
0.294344
0.192296
0.092898
0.108944
0.228514
0.324059
0.293737
0.174982
0.201580
0.296013
0.348388
0.400633
0.411255
0.345966
0.278406
0.280890
0.317083
0.326363
0.286454
0.254144
0.257640
0.259502
0.254126
0.240389
0.308215
0.421067
0.445878
0.378168
0.251364
0.133859
0.238735
0.268065
0.163603
0.183100
0.178497
0.168927
0.333981
0.391634
0.419134
0.488851
0.409116
0.258531
0.320462
0.308605
0.235550
0.336526
0.367779
0.254720
0.094804
0.054757
0.117130
0.149186
0.261671
0.406576
0.485066
0.451960
0.322057
0.238034
0.289653
0.316730
0.317848
0.309036
0.304510
0.344586
0.328670
0.269716
0.307913
0.303723
0.175098
0.068112
0.118948
0.150549
0.177585
0.212559
0.249918
0.250070
0.237727
0.256851
0.296429
0.321619
0.244382
0.055713
0.120642
0.142821
0.124849
0.221443
0.203115
0.152042
0.206013
0.122752
0.117873
0.332390
0.419350
0.408198
0.361998
0.298186
0.270964
0.274802
0.279023
0.302959
0.302825
0.269452
0.266327
0.298996
0.320388
0.304344
0.250263
0.197852
0.187182
0.141722
0.024521
0.221222
0.368683
0.372985
0.243713
0.056375
0.123881
0.176466
0.086644
0.167215
0.341142
0.413240
0.373865
0.237527
0.176114
0.284199
0.234246
0.134426
0.311054
0.340329
0.188896
0.058966
0.086721
0.261975
0.415920
0.417212
0.324098
0.244155
0.134919
0.027085
0.162254
0.215737
0.154654
0.162565
0.335974
0.376505
0.246576
0.152172
0.152901
0.131488
0.261176
0.333922
0.305632
0.345770
0.489813
0.585602
0.546426
0.406215
0.294111
0.280051
0.306445
0.277688
0.187471
0.241738
0.336742
0.365523
0.385648
0.362937
0.274233
0.206533
0.228611
0.284906
0.264627
0.186369
0.231886
0.308119
0.368356
0.389057
0.289166
0.192367
0.197045
0.061656
0.221031
0.402864
0.381082
0.241547
0.177790
0.212225
0.281770
0.300169
0.210436
0.180492
0.341159
0.399059
0.272795
0.188815
0.283899
0.255516
0.280011
0.399682
0.378642
0.250085
0.177216
0.244055
0.373380
0.446388
0.456205
0.441700
0.403584
0.371584
0.290636
0.109276
0.052393
0.053218
0.337129
0.611433
0.602157
0.323435
0.224897
0.248163
0.090477
0.305277
0.381895
0.219328
0.060445
0.208503
0.360808
0.431400
0.329757
0.182160
0.134309
0.035681
0.246365
0.333364
0.204864
0.060618
0.108529
0.080995
0.288440
0.420015
0.405527
0.331388
0.236284
0.155211
0.215312
0.238829
0.179778
0.177203
0.252658
0.324860
0.349611
0.336907
0.384153
0.478267
0.518368
0.461786
0.313875
0.129093
0.021604
0.125753
0.248696
0.326877
0.331036
0.354127
0.383729
0.350976
0.352207
0.358919
0.218275
0.039618
0.230596
0.320739
0.472076
0.644486
0.650744
0.489114
0.334214
0.276410
0.244277
0.287538
0.343459
0.321528
0.232314
0.117335
0.075295
0.119641
0.103680
0.063735
0.076081
0.085735
0.087840
0.119371
0.225977
0.329034
0.354091
0.344741
0.374546
0.365953
0.257568
0.139857
0.119852
0.061279
0.196350
0.355246
0.362700
0.292662
0.323851
0.284902
0.162348
0.305735
0.370490
0.248892
0.142180
0.208566
0.407723
0.589444
0.563041
0.336772
0.129561
0.218571
0.331562
0.325463
0.160062
0.074640
0.142910
0.033242
0.172915
0.254286
0.187231
0.127372
0.170498
0.177950
0.141315
0.127561
0.129512
0.070854
0.219767
0.384448
0.434694
0.439031
0.449658
0.409713
0.374253
0.391866
0.368486
0.296196
0.247965
0.248923
0.245426
0.195650
0.167372
0.241695
0.316003
0.320520
0.276142
0.253896
0.237953
0.251905
0.320242
0.303154
0.175154
0.076340
0.035621
0.067687
0.156197
0.181343
0.197339
0.159631
0.101476
0.258696
0.355344
0.338832
0.279593
0.220355
0.250274
0.307497
0.302647
0.358871
0.417270
0.327273
0.138518
0.075930
0.154106
0.256386
0.334112
0.329622
0.272818
0.238968
0.287720
0.375902
0.402987
0.303541
0.120609
0.242486
0.422450
0.454206
0.328960
0.134245
0.111297
0.115909
0.030896
0.197949
0.264489
0.202393
0.123352
0.058322
0.196213
0.412772
0.504593
0.417912
0.237537
0.094832
0.069216
0.118712
0.152270
0.158480
0.224329
0.314917
0.324798
0.228148
0.063721
0.134630
0.311446
0.404960
0.372816
0.263023
0.199783
0.251775
0.345440
0.391517
0.347873
0.275583
0.284206
0.341863
0.375021
0.344951
0.223945
0.096398
0.203692
0.254898
0.244050
0.310666
0.335997
0.265563
0.306282
0.366712
0.254604
0.180418
0.337525
0.335223
0.146407
0.090317
0.192057
0.207427
0.290507
0.361285
0.339321
0.277615
0.267861
0.349808
0.417096
0.361835
0.225760
0.207156
0.284073
0.355177
0.391884
0.349388
0.289215
0.269974
0.193028
0.123477
0.252890
0.331039
0.310499
0.256161
0.227566
0.240651
0.278963
0.322642
0.365097
0.385589
0.365310
0.314482
0.269298
0.284591
0.346155
0.371796
0.317605
0.198418
0.150135
0.256719
0.296138
0.216854
0.158390
0.218397
0.208719
0.135478
0.179882
0.316738
0.470831
0.570031
0.532868
0.376020
0.219159
0.162825
0.255550
0.381563
0.383236
0.266611
0.188022
0.143137
0.187182
0.335995
0.356932
0.276964
0.266707
0.212722
0.127428
0.294677
0.359942
0.246500
0.095543
0.104114
0.161177
0.291200
0.388377
0.351443
0.226615
0.248985
0.338166
0.330214
0.273838
0.205018
0.096635
0.134750
0.218437
0.212396
0.198067
0.207500
0.156130
0.066043
0.145897
0.250497
0.314733
0.338433
0.307878
0.202508
0.107041
0.242748
0.336125
0.303603
0.277408
0.355790
0.385278
0.381110
0.430628
0.430258
0.348581
0.313916
0.306342
0.260908
0.266468
0.287950
0.268137
0.218846
0.099773
0.083971
0.210685
0.245825
0.356614
0.523832
0.549965
0.387640
0.173763
0.209991
0.287498
0.271805
0.229531
0.242629
0.305040
0.337348
0.279937
0.153934
0.096883
0.130540
0.181582
0.274577
0.308338
0.260721
0.296877
0.440712
0.530237
0.516127
0.437044
0.356775
0.332648
0.414240
0.525273
0.538099
0.425326
0.275244
0.170918
0.072736
0.107389
0.247437
0.357171
0.406455
0.377546
0.319952
0.309829
0.285273
0.175731
0.048253
0.120591
0.152751
0.110851
0.019978
0.144306
0.265161
0.264683
0.121623
0.065208
0.137190
0.031617
0.187975
0.340256
0.341145
0.245868
0.189239
0.245611
0.348263
0.373478
0.280865
0.167951
0.163459
0.225820
0.279051
0.234643
0.083574
0.083514
0.127350
0.097701
0.232172
0.380720
0.491479
0.569672
0.532378
0.320682
0.068309
0.187435
0.175202
0.215409
0.358164
0.330680
0.165285
0.194732
0.300997
0.363534
0.387796
0.312087
0.232912
0.339909
0.442267
0.476800
0.520606
0.536645
0.430705
0.321921
0.385189
0.357798
0.137987
0.128838
0.277206
0.313349
0.355924
0.368268
0.272461
0.148752
0.306685
0.460491
0.402207
0.159095
0.168882
0.243069
0.105763
0.160571
0.286935
0.267313
0.241734
0.270397
0.252788
0.262555
0.328350
0.327886
0.246776
0.138619
0.101338
0.232445
0.315847
0.348638
0.440671
0.503457
0.439172
0.290648
0.086981
0.171694
0.377764
0.409169
0.296979
0.204748
0.255386
0.390544
0.413961
0.271135
0.258891
0.347432
0.298953
0.247039
0.179520
0.098238
0.273157
0.324443
0.307226
0.370525
0.344058
0.188968
0.062174
0.086479
0.212610
0.288500
0.247829
0.189036
0.187855
0.243729
0.341959
0.354936
0.261476
0.177870
0.137633
0.109978
0.178455
0.210350
0.160423
0.104697
0.077415
0.020454
0.118585
0.263801
0.388262
0.426194
0.358184
0.263260
0.241441
0.289390
0.352456
0.347025
0.271290
0.263742
0.337973
0.388332
0.369634
0.287790
0.291476
0.369722
0.347469
0.287157
0.360630
0.419815
0.326579
0.165242
0.277883
0.392587
0.348283
0.212789
0.106102
0.086697
0.117256
0.168452
0.192618
0.131573
0.206463
0.391669
0.417591
0.265856
0.180013
0.224905
0.212969
0.247164
0.247333
0.147064
0.057264
0.064619
0.170013
0.287340
0.321121
0.283858
0.245339
0.244778
0.281642
0.317621
0.325303
0.316943
0.309311
0.303445
0.300878
0.312068
0.339628
0.361387
0.353543
0.341049
0.355847
0.339255
0.257735
0.216053
0.244032
0.221269
0.215933
0.314913
0.375155
0.329613
0.233821
0.184033
0.220751
0.295705
0.299691
0.229475
0.264289
0.318855
0.238023
0.119990
0.208036
0.286504
0.272507
0.212972
0.243963
0.290918
0.245053
0.186793
0.153480
0.150951
0.350688
0.513956
0.494965
0.332651
0.246528
0.273413
0.236767
0.208027
0.177848
0.152735
0.307641
0.396081
0.396324
0.449150
0.442955
0.277352
0.123498
0.141797
0.255603
0.478933
0.586312
0.462349
0.161796
0.161261
0.319347
0.250682
0.110293
0.199969
0.201253
0.114222
0.059258
0.192928
0.395073
0.454810
0.317692
0.137550
0.076537
0.162460
0.314353
0.318613
0.153414
0.046027
0.090240
0.112519
0.209327
0.204696
0.195653
0.303859
0.319027
0.193994
0.106852
0.192866
0.255369
0.293132
0.274067
0.223372
0.273450
0.340237
0.320299
0.256948
0.226751
0.211339
0.202564
0.248654
0.301737
0.301870
0.267449
0.247495
0.262750
0.296381
0.297961
0.254776
0.215920
0.226188
0.268220
0.261631
0.153313
0.014594
0.153997
0.231250
0.254157
0.194740
0.100014
0.209830
0.305002
0.309364
0.284835
0.272781
0.258978
0.249902
0.268971
0.294485
0.287602
0.262016
0.263886
0.308364
0.354939
0.345589
0.279215
0.222270
0.231113
0.284550
0.311194
0.270817
0.205996
0.180893
0.181231
0.170064
0.155129
0.170705
0.136806
0.088826
0.284537
0.420477
0.402297
0.294612
0.186075
0.084844
0.163576
0.261751
0.293341
0.313127
0.316860
0.292927
0.271395
0.252589
0.287996
0.324673
0.234768
0.051762
0.121588
0.176819
0.270140
0.369909
0.351089
0.278306
0.283368
0.311965
0.314734
0.253696
0.124693
0.048623
0.049931
0.250180
0.429891
0.406549
0.168334
0.158595
0.298868
0.222246
0.150230
0.329154
0.430411
0.396727
0.273212
0.131641
0.048074
0.038386
0.081800
0.152674
0.162856
0.119745
0.123819
0.123986
0.187591
0.336559
0.383763
0.284240
0.201256
0.250579
0.286329
0.328842
0.355973
0.314668
0.271463
0.297558
0.320553
0.286017
0.228361
0.232227
0.272576
0.295973
0.307343
0.302823
0.311163
0.343837
0.350144
0.389675
0.482568
0.463882
0.257744
0.060016
0.269815
0.322947
0.264117
0.216434
0.204533
0.216320
0.262765
0.307344
0.322275
0.303673
0.257090
0.197271
0.164012
0.181893
0.209678
0.214220
0.179886
0.165586
0.256971
0.350540
0.379491
0.341372
0.256887
0.192782
0.181856
0.114747
0.079666
0.257962
0.364970
0.353696
0.283804
0.232620
0.154503
0.010473
0.137134
0.178272
0.142092
0.211008
0.281560
0.256806
0.205455
0.207150
0.238731
0.256321
0.190835
0.024157
0.158195
0.236212
0.195404
0.207613
0.253215
0.178752
0.149077
0.270582
0.280827
0.181032
0.063860
0.102617
0.275991
0.371954
0.296185
0.115519
0.188544
0.265663
0.206588
0.119881
0.153097
0.191929
0.186531
0.169720
0.176633
0.209507
0.236688
0.205305
0.105594
0.112493
0.170600
0.121682
0.167601
0.303954
0.326781
0.233332
0.128817
0.109124
0.137017
0.145008
0.110206
0.066147
0.099509
0.212421
0.275750
0.213686
0.130666
0.181419
0.141658
0.063858
0.177884
0.179552
0.110584
0.172718
0.191604
0.104538
0.124544
0.217123
0.241827
0.282436
0.309430
0.193331
0.158603
0.360637
0.376613
0.235362
0.251274
0.272353
0.141759
0.187382
0.251747
0.125579
0.117388
0.326468
0.409994
0.336441
0.166005
0.174249
0.252408
0.214335
0.222526
0.292012
0.263963
0.211999
0.249951
0.247040
0.209012
0.209654
0.158287
0.132745
0.233023
0.288068
0.330608
0.333205
0.229815
0.228231
0.305233
0.217673
0.182757
0.297729
0.267620
0.278431
0.398055
0.377259
0.234026
0.137422
0.119166
0.184855
0.257373
0.233558
0.141014
0.102132
0.144643
0.152943
0.137054
0.195773
0.282235
0.327404
0.306993
0.209078
0.079643
0.049419
0.075613
0.196210
0.294125
0.268667
0.172567
0.170969
0.163055
0.065244
0.141768
0.248244
0.263848
0.227335
0.205465
0.206059
0.235177
0.277876
0.268763
0.202161
0.167344
0.178265
0.140011
0.066237
0.125968
0.206746
0.229129
0.199956
0.159404
0.147155
0.165360
0.185780
0.186464
0.172175
0.165539
0.174734
0.189177
0.196267
0.191389
0.193736
0.214799
0.213581
0.172146
0.204848
0.353749
0.498414
0.572181
0.543188
0.405787
0.201814
0.089465
0.148325
0.105960
0.012246
0.092379
0.059683
0.090632
0.216084
0.253944
0.205418
0.160885
0.192239
0.243635
0.271257
0.280543
0.244237
0.107074
0.133758
0.295287
0.303915
0.238457
0.271458
0.266609
0.195570
0.204846
0.164648
0.053739
0.208009
0.262842
0.178563
0.128900
0.181248
0.175990
0.141372
0.136389
0.149069
0.163579
0.177794
0.195009
0.211230
0.208627
0.177949
0.123032
0.096942
0.190386
0.265864
0.235056
0.143495
0.155405
0.181996
0.198541
0.259772
0.266039
0.194128
0.128394
0.147037
0.229213
0.272167
0.223373
0.143741
0.140719
0.236759
0.335867
0.316897
0.170858
0.095706
0.126903
0.074682
0.160849
0.245246
0.244540
0.211455
0.230939
0.315376
0.374303
0.345571
0.251915
0.214786
0.287003
0.317399
0.249260
0.149490
0.110269
0.181117
0.298347
0.326310
0.235835
0.176245
0.207705
0.188800
0.164747
0.154208
0.098880
0.051878
0.043158
0.066040
0.182553
0.316410
0.418832
0.422022
0.285692
0.076169
0.201450
0.328702
0.341707
0.275145
0.173402
0.106082
0.113438
0.078102
0.117586
0.232462
0.236693
0.095834
0.112479
0.240230
0.217353
0.079012
0.097625
0.227840
0.326868
0.378227
0.353669
0.278560
0.217097
0.202658
0.236400
0.269220
0.246248
0.181873
0.139640
0.166123
0.244511
0.302417
0.290309
0.239675
0.219802
0.200913
0.136293
0.118016
0.201086
0.259009
0.266855
0.252994
0.247652
0.252554
0.254106
0.241681
0.212425
0.188262
0.205763
0.224203
0.171772
0.082865
0.148987
0.160139
0.063080
0.205319
0.294177
0.210645
0.176390
0.267089
0.233353
0.263015
0.357886
0.267677
0.068905
0.252347
0.337012
0.292051
0.207549
0.133444
0.098699
0.055195
0.155170
0.218829
0.125488
0.251023
0.440206
0.387660
0.236060
0.478857
0.656021
0.558739
0.311786
0.236818
0.231236
0.081400
0.104211
0.169819
0.163484
0.167536
0.078617
0.094899
0.173393
0.189181
0.339990
0.385237
0.213430
0.197924
0.280514
0.152680
0.183395
0.227837
0.071836
0.189862
0.220967
0.093850
0.215031
0.248173
0.153964
0.136395
0.126875
0.151197
0.142902
0.070347
0.218839
0.246726
0.119493
0.149229
0.180757
0.115088
0.137961
0.099849
0.062150
0.148743
0.159267
0.257941
0.335994
0.270331
0.260175
0.399118
0.424928
0.291941
0.092919
0.074826
0.138031
0.101853
0.051082
0.152257
0.189025
0.121177
0.249178
0.473318
0.553550
0.440586
0.250785
0.160955
0.103035
0.030458
0.068452
0.006356
0.143407
0.204193
0.120044
0.135652
0.238135
0.170543
0.062482
0.281952
0.423861
0.456193
0.389708
0.259250
0.140505
0.047240
0.094100
0.216511
0.235442
0.135238
0.037259
0.104340
0.105608
0.066721
0.044376
0.081029
0.138120
0.198465
0.278650
0.371212
0.431422
0.419448
0.334066
0.213643
0.104600
0.039094
0.066575
0.090967
0.064550
0.007998
0.043889
0.015389
0.076480
0.158038
0.167402
0.175729
0.265833
0.325564
0.357281
0.437479
0.482637
0.389090
0.192484
0.173945
0.316102
0.381696
0.397780
0.422778
0.445214
0.408868
0.311411
0.253548
0.280436
0.301061
0.333190
0.360714
0.302758
0.253497
0.333923
0.326520
0.144581
0.113097
0.262689
0.234753
0.089012
0.044534
0.081196
0.048551
0.049384
0.127125
0.256464
0.377157
0.425724
0.378438
0.266179
0.146901
0.031804
0.203750
0.464102
0.677053
0.753677
0.677461
0.499436
0.302157
0.182476
0.148204
0.069608
0.071154
0.128946
0.079412
0.314705
0.596782
0.697920
0.558045
0.294103
0.105800
0.082847
0.151682
0.255742
0.290859
0.219678
0.095985
0.217156
0.360180
0.375239
0.274027
0.139701
0.048113
0.042384
0.060767
0.086507
0.122160
0.126310
0.092932
0.058771
0.059020
0.112081
0.130241
0.076921
0.184680
0.319405
0.307217
0.140796
0.062064
0.152711
0.101303
0.012006
0.056594
0.141043
0.254228
0.275134
0.191451
0.196282
0.332441
0.413635
0.376272
0.247766
0.147591
0.102773
0.010410
0.118929
0.156017
0.108537
0.060185
0.003571
0.097505
0.162521
0.182286
0.255789
0.318208
0.284268
0.243958
0.314928
0.385245
0.355648
0.234118
0.237693
0.353494
0.337744
0.188774
0.115027
0.226118
0.282956
0.255960
0.188190
0.143762
0.095596
0.101466
0.132415
0.138797
0.262699
0.338578
0.301955
0.359378
0.448697
0.359120
0.150863
0.071390
0.044868
0.230546
0.380975
0.351276
0.187298
0.030416
0.084799
0.208990
0.280783
0.238754
0.130701
0.080114
0.141403
0.270605
0.420890
0.504413
0.444859
0.246386
0.029202
0.124534
0.104532
0.021892
0.085041
0.071608
0.085621
0.202745
0.291900
0.297772
0.219799
0.154546
0.147628
0.065981
0.101997
0.235962
0.245253
0.137174
0.043338
0.102754
0.161797
0.208147
0.182091
0.117550
0.151937
0.190413
0.222339
0.292225
0.326334
0.286351
0.220485
0.214394
0.244535
0.217416
0.213485
0.377398
0.523893
0.532236
0.411918
0.243109
0.112390
0.119313
0.161333
0.141977
0.106539
0.134173
0.125318
0.024926
0.126917
0.242256
0.283892
0.293588
0.297117
0.242280
0.127956
0.063598
0.060490
0.100999
0.198197
0.235481
0.205283
0.160701
0.141446
0.193307
0.243665
0.217367
0.144075
0.094176
0.131699
0.215351
0.229021
0.149948
0.119559
0.168251
0.130575
0.029516
0.193450
0.320034
0.316941
0.198201
0.123753
0.155337
0.133010
0.101017
0.121094
0.176294
0.217672
0.213877
0.221922
0.277953
0.361127
0.460251
0.535767
0.560754
0.520119
0.394253
0.225319
0.166755
0.212634
0.217136
0.171864
0.119153
0.134427
0.174935
0.197726
0.200645
0.197366
0.201788
0.190665
0.202466
0.197364
0.039091
0.273961
0.544299
0.579832
0.350308
0.121757
0.264440
0.236163
0.051573
0.211994
0.331380
0.299529
0.176593
0.123810
0.193903
0.310467
0.390857
0.311214
0.150816
0.287437
0.326182
0.146472
0.233889
0.370340
0.265421
0.162642
0.305607
0.343470
0.408990
0.538910
0.518249
0.309181
0.110920
0.218798
0.294833
0.322931
0.295258
0.211165
0.184911
0.179396
0.098785
0.187372
0.295901
0.257395
0.144590
0.214066
0.293296
0.256974
0.135453
0.011156
0.119546
0.192584
0.229001
0.209353
0.145381
0.157415
0.188321
0.125738
0.145694
0.239819
0.183586
0.021979
0.219915
0.255158
0.097634
0.155674
0.266392
0.183375
0.120004
0.222441
0.177611
0.201381
0.390488
0.432855
0.281211
0.077764
0.147652
0.204939
0.253688
0.271365
0.163120
0.041511
0.178859
0.178864
0.215949
0.330327
0.291091
0.121748
0.193148
0.241837
0.183797
0.230478
0.258702
0.183469
0.121657
0.122474
0.162433
0.208270
0.193042
0.165339
0.181506
0.198905
0.194315
0.146870
0.114150
0.155498
0.163855
0.215831
0.362131
0.451819
0.383193
0.178449
0.110600
0.249483
0.374163
0.474962
0.404250
0.156478
0.236828
0.343209
0.222009
0.061794
0.047277
0.100500
0.266823
0.292578
0.256737
0.360784
0.391661
0.248869
0.044521
0.100161
0.140013
0.155079
0.174935
0.180494
0.172167
0.164027
0.175963
0.212967
0.237613
0.212549
0.159713
0.138034
0.170334
0.222513
0.210344
0.096514
0.072470
0.163045
0.148265
0.111369
0.148833
0.169128
0.143406
0.127498
0.216376
0.321056
0.357551
0.326215
0.266482
0.189625
0.111951
0.105373
0.130807
0.160229
0.195007
0.177004
0.095967
0.084103
0.147174
0.172274
0.186036
0.194189
0.184289
0.202456
0.259360
0.290580
0.279725
0.260457
0.245135
0.230431
0.228093
0.221123
0.185336
0.127260
0.131263
0.210921
0.232972
0.172022
0.156038
0.222579
0.244550
0.204197
0.120561
0.026117
0.054156
0.155052
0.271678
0.323297
0.293445
0.266014
0.235077
0.123963
0.062747
0.142453
0.140675
0.155100
0.189513
0.162296
0.144462
0.229965
0.297330
0.251720
0.114912
0.258077
0.447927
0.472451
0.325314
0.129354
0.095533
0.110815
0.199848
0.348249
0.414105
0.354167
0.245429
0.268441
0.357141
0.350485
0.230235
0.135204
0.197697
0.177754
0.146052
0.313065
0.399693
0.297449
0.073768
0.133249
0.256747
0.335136
0.359765
0.279764
0.134940
0.038880
0.034572
0.127604
0.205358
0.206016
0.155688
0.122881
0.128148
0.134396
0.122596
0.117972
0.135978
0.185885
0.239064
0.221331
0.135941
0.109242
0.157710
0.217406
0.215367
0.062362
0.190802
0.354586
0.297171
0.159435
0.272148
0.262961
0.065880
0.137388
0.166933
0.100079
0.285315
0.470672
0.600877
0.647972
0.555430
0.347935
0.155947
0.128630
0.113356
0.014431
0.115043
0.184340
0.135005
0.009140
0.150184
0.205433
0.160170
0.075767
0.025479
0.035982
0.090869
0.120731
0.105487
0.086637
0.104821
0.153179
0.199157
0.191841
0.124320
0.062134
0.075757
0.127829
0.213597
0.250536
0.156104
0.065243
0.301202
0.407846
0.322998
0.165155
0.229733
0.294532
0.230428
0.104514
0.062138
0.087033
0.078168
0.041390
0.065440
0.183546
0.220760
0.115174
0.069999
0.192641
0.238289
0.326023
0.360922
0.217647
0.082400
0.224882
0.222706
0.242313
0.315313
0.249564
0.141633
0.215121
0.227564
0.189990
0.193404
0.122115
0.076962
0.253851
0.321188
0.242038
0.174323
0.303967
0.377583
0.299224
0.134305
0.093294
0.129410
0.135778
0.142161
0.081997
0.135635
0.253731
0.257178
0.184492
0.186295
0.210573
0.177478
0.116595
0.063025
0.102721
0.184234
0.219391
0.175803
0.085420
0.045301
0.013674
0.077588
0.132143
0.113562
0.175430
0.271041
0.268623
0.206902
0.159609
0.082945
0.069868
0.128554
0.087736
0.048173
0.126399
0.159840
0.208978
0.290096
0.325720
0.276019
0.171436
0.083766
0.060930
0.098575
0.138906
0.141634
0.121853
0.114638
0.137115
0.162818
0.158044
0.138624
0.145117
0.184454
0.228896
0.247428
0.249371
0.279323
0.355019
0.417092
0.383583
0.249271
0.108585
0.070268
0.149395
0.258379
0.313751
0.329490
0.359452
0.393774
0.396159
0.323382
0.183167
0.116618
0.124756
0.057601
0.047545
0.125851
0.196311
0.200997
0.096817
0.091002
0.141289
0.091511
0.227186
0.362529
0.381280
0.313945
0.193616
0.198650
0.351902
0.353024
0.161771
0.210912
0.377604
0.332480
0.129601
0.062788
0.111454
0.024114
0.136226
0.235220
0.286862
0.341331
0.387796
0.358739
0.213667
0.067655
0.220195
0.257871
0.201693
0.308992
0.450811
0.436613
0.242707
0.076221
0.305679
0.394301
0.322520
0.183453
0.086362
0.089779
0.139889
0.154560
0.106212
0.071494
0.177973
0.286538
0.355915
0.393381
0.402612
0.362546
0.260710
0.149342
0.188997
0.260342
0.235335
0.137858
0.074805
0.088822
0.080499
0.071303
0.088035
0.089031
0.120486
0.179725
0.191820
0.196885
0.201383
0.092302
0.119360
0.273649
0.222812
0.061795
0.270179
0.334644
0.288558
0.359787
0.390074
0.241624
0.062003
0.190288
0.207883
0.108782
0.045447
0.133210
0.159971
0.133496
0.118819
0.168908
0.217838
0.210303
0.151604
0.075923
0.020605
0.130142
0.197228
0.171550
0.114183
0.143990
0.138662
0.060695
0.130625
0.263497
0.383912
0.475523
0.498772
0.428084
0.287396
0.161589
0.102113
0.081089
0.307767
0.532203
0.586499
0.432628
0.211240
0.204765
0.272651
0.282992
0.258314
0.201053
0.121197
0.046954
0.125474
0.179903
0.142028
0.062740
0.036234
0.118328
0.212812
0.228870
0.162689
0.098735
0.106520
0.192794
0.241185
0.182131
0.102093
0.121717
0.239096
0.428304
0.510493
0.394548
0.171093
0.063421
0.143813
0.263523
0.313837
0.213879
0.159562
0.274572
0.260132
0.140996
0.154807
0.234866
0.374202
0.544696
0.580703
0.421929
0.199511
0.208817
0.232264
0.123548
0.121768
0.226750
0.252359
0.246435
0.208360
0.133194
0.240223
0.349288
0.300857
0.145895
0.074554
0.116718
0.151104
0.134228
0.152134
0.296328
0.344103
0.256551
0.194981
0.173352
0.059803
0.089149
0.141552
0.157291
0.197136
0.145609
0.061672
0.136536
0.127282
0.204337
0.340527
0.355270
0.258192
0.185926
0.203789
0.209528
0.168564
0.119280
0.125818
0.157546
0.176193
0.181128
0.166573
0.147638
0.196692
0.231204
0.136519
0.089787
0.249148
0.252983
0.120291
0.016737
0.057358
0.192828
0.280004
0.217317
0.104782
0.102159
0.178411
0.344249
0.378018
0.200538
0.149906
0.288887
0.244336
0.131190
0.080291
0.071784
0.219482
0.269513
0.170991
0.140308
0.267921
0.304882
0.226071
0.069496
0.101552
0.200997
0.176644
0.153094
0.294073
0.368333
0.299376
0.158369
0.059942
0.190466
0.312118
0.271459
0.059863
0.172760
0.245224
0.127604
0.107584
0.229530
0.295365
0.334855
0.290504
0.181109
0.181807
0.235299
0.231278
0.177193
0.093172
0.063089
0.096301
0.105775
0.096201
0.071230
0.069243
0.105467
0.137545
0.116836
0.053361
0.072009
0.066789
0.219593
0.399681
0.405654
0.210987
0.163245
0.278967
0.195580
0.040593
0.183439
0.219230
0.173297
0.112192
0.067818
0.086909
0.103185
0.093490
0.065486
0.040278
0.081871
0.121322
0.141450
0.135236
0.103114
0.096884
0.115546
0.121325
0.117671
0.083954
0.031939
0.093927
0.143120
0.144968
0.126087
0.095200
0.014439
0.108682
0.194852
0.176970
0.106647
0.171615
0.279137
0.383933
0.449985
0.424561
0.333300
0.237167
0.170612
0.177712
0.184329
0.155960
0.146856
0.130327
0.177201
0.230029
0.157807
0.098991
0.193528
0.165755
0.084577
0.077066
0.104009
0.306421
0.429247
0.360929
0.181737
0.137374
0.192582
0.199518
0.144734
0.063460
0.101198
0.085255
0.179029
0.333585
0.334100
0.141792
0.137566
0.325350
0.335334
0.204991
0.120017
0.191165
0.206670
0.147023
0.053073
0.045703
0.127714
0.164048
0.131439
0.060668
0.075429
0.095342
0.078946
0.086982
0.089937
0.070616
0.065334
0.076409
0.100478
0.156665
0.289913
0.426944
0.470877
0.425705
0.348014
0.213961
0.028555
0.119031
0.107019
0.121790
0.195946
0.194227
0.341537
0.463513
0.357143
0.125208
0.162615
0.116567
0.095125
0.285688
0.344406
0.325324
0.241809
0.038771
0.297862
0.523728
0.545621
0.388972
0.240979
0.277061
0.286511
0.183373
0.045492
0.033806
0.076960
0.203815
0.329103
0.349043
0.233998
0.066972
0.051802
0.140252
0.304071
0.378416
0.250879
0.058008
0.243300
0.269772
0.162355
0.179778
0.222577
0.140772
0.014882
0.143874
0.180246
0.122172
0.079826
0.167758
0.227632
0.208195
0.121458
0.062339
0.118195
0.166438
0.168688
0.097505
0.038269
0.097584
0.102968
0.149797
0.157968
0.034903
0.172203
0.288682
0.222529
0.031613
0.194628
0.271668
0.205848
0.103426
0.151223
0.239297
0.298842
0.288228
0.179918
0.056209
0.122585
0.212563
0.371992
0.492061
0.440472
0.229927
0.087536
0.185873
0.173297
0.103976
0.073314
0.063073
0.079888
0.103589
0.112620
0.118711
0.124259
0.124263
0.111752
0.096049
0.098273
0.118959
0.127716
0.074597
0.066766
0.215121
0.299182
0.269729
0.153600
0.087679
0.179513
0.223488
0.199104
0.169087
0.137713
0.062955
0.119602
0.216041
0.256955
0.255580
0.204880
0.122768
0.137796
0.182907
0.169659
0.137368
0.126047
0.124994
0.118094
0.098002
0.074526
0.062349
0.077135
0.115793
0.150016
0.154383
0.169144
0.269250
0.357447
0.329730
0.188285
0.073175
0.129240
0.138417
0.134460
0.174788
0.274495
0.389611
0.432204
0.370269
0.233846
0.054210
0.152696
0.253260
0.174498
0.149310
0.343984
0.364067
0.187421
0.043738
0.167541
0.298941
0.427836
0.404871
0.234650
0.146900
0.218632
0.294013
0.319008
0.203726
0.042031
0.172889
0.164607
0.067735
0.068418
0.051269
0.152963
0.254709
0.273062
0.219042
0.102143
0.054407
0.168817
0.169514
0.080256
0.021819
0.065669
0.149617
0.187671
0.101232
0.137544
0.309383
0.349417
0.237703
0.062289
0.067172
0.100148
0.057423
0.021114
0.111036
0.185039
0.204255
0.155800
0.114830
0.156532
0.147697
0.060781
0.133433
0.206002
0.174135
0.115193
0.086924
0.071087
0.245313
0.392806
0.402107
0.285721
0.190124
0.215908
0.196193
0.079164
0.081316
0.182863
0.205717
0.175822
0.104896
0.067386
0.168862
0.221579
0.229771
0.246442
0.260214
0.266525
0.231703
0.105495
0.067280
0.146668
0.079270
0.121275
0.253674
0.285637
0.251017
0.220482
0.202158
0.145127
0.071116
0.135371
0.111232
0.108207
0.325556
0.420420
0.349270
0.260980
0.247644
0.297535
0.431819
0.501385
0.442503
0.334416
0.275369
0.270252
0.227086
0.168920
0.281034
0.353655
0.265782
0.092610
0.039343
0.101493
0.157492
0.172786
0.149636
0.174298
0.202566
0.183113
0.149869
0.173576
0.232424
0.243927
0.215234
0.246340
0.297726
0.262403
0.163901
0.175828
0.220941
0.172283
0.102408
0.105616
0.082620
0.045914
0.061381
0.088462
0.111487
0.095747
0.076177
0.129989
0.185005
0.160050
0.016847
0.180855
0.276853
0.173477
0.076853
0.232292
0.181142
0.104914
0.272256
0.278112
0.167760
0.174779
0.170216
0.081210
0.017581
0.090496
0.172128
0.174320
0.109487
0.100115
0.111637
0.192397
0.253209
0.213346
0.191479
0.172382
0.095125
0.269326
0.359759
0.252720
0.187395
0.291954
0.285319
0.215242
0.171663
0.102688
0.042040
0.122147
0.205516
0.221864
0.143090
0.046538
0.064459
0.180894
0.311856
0.337204
0.293160
0.319298
0.293837
0.116393
0.125958
0.252589
0.230601
0.157826
0.108887
0.084275
0.149545
0.146118
0.063661
0.139267
0.167340
0.175469
0.305879
0.332728
0.177401
0.240932
0.411719
0.357440
0.153611
0.191382
0.251085
0.174747
0.067658
0.067549
0.172409
0.236819
0.213749
0.128633
0.056601
0.169452
0.248272
0.234891
0.247856
0.276384
0.196139
0.209884
0.327853
0.287053
0.137320
0.135204
0.143457
0.176156
0.280604
0.302184
0.238354
0.183974
0.225118
0.312966
0.349106
0.301014
0.250922
0.286890
0.298897
0.284885
0.392177
0.480425
0.395532
0.203663
0.154926
0.154336
0.061260
0.056795
0.059063
0.175379
0.349898
0.433539
0.376341
0.281106
0.329510
0.378358
0.313988
0.208909
0.129271
0.070135
0.131665
0.200275
0.275446
0.343984
0.322883
0.208761
0.075867
0.066220
0.257937
0.418716
0.406097
0.181521
0.119792
0.268791
0.164277
0.155252
0.321357
0.264368
0.085899
0.128512
0.095223
0.178821
0.291652
0.261099
0.180663
0.196881
0.270430
0.273701
0.173276
0.287891
0.444873
0.453308
0.430132
0.399485
0.253593
0.146970
0.212924
0.198362
0.154395
0.176758
0.277102
0.290032
0.128615
0.218862
0.402395
0.434457
0.410702
0.344256
0.274452
0.395287
0.428047
0.205200
0.163297
0.458305
0.525765
0.358836
0.143554
0.278176
0.337996
0.200519
0.026579
0.174708
0.180865
0.097739
0.059231
0.158468
0.320520
0.432487
0.399932
0.274201
0.269410
0.306888
0.224759
0.086958
0.040695
0.079761
0.159462
0.172435
0.076440
0.192262
0.383234
0.452616
0.368271
0.225387
0.181098
0.149935
0.051185
0.113255
0.173652
0.170701
0.147275
0.112323
0.107897
0.151842
0.191098
0.212311
0.175485
0.059068
0.081038
0.146946
0.105121
0.102673
0.202178
0.243337
0.211295
0.140739
0.069513
0.045675
0.090237
0.100590
0.044831
0.107921
0.184220
0.174934
0.197564
0.287756
0.297106
0.211690
0.113073
0.024763
0.125680
0.281748
0.382859
0.386056
0.296175
0.146943
0.045591
0.195339
0.274168
0.231634
0.147738
0.227243
0.305076
0.274399
0.213366
0.263083
0.292054
0.185557
0.045904
0.173400
0.213834
0.193009
0.155222
0.131349
0.233418
0.320078
0.306058
0.243208
0.290024
0.393807
0.379274
0.235100
0.134500
0.149646
0.185250
0.202234
0.053913
0.240763
0.488263
0.554244
0.532455
0.564401
0.553519
0.443559
0.313360
0.207716
0.145011
0.320853
0.519130
0.500806
0.218179
0.141023
0.310835
0.245145
0.262984
0.303659
0.250437
0.390402
0.443268
0.246901
0.032703
0.139434
0.090398
0.261172
0.360150
0.277596
0.106706
0.021429
0.059253
0.061975
0.117957
0.222589
0.341490
0.410005
0.366438
0.225882
0.126302
0.181169
0.219681
0.198440
0.165525
0.184727
0.180734
0.194578
0.301144
0.359985
0.334569
0.296883
0.288581
0.314106
0.347446
0.345448
0.334518
0.363528
0.406298
0.385840
0.262798
0.111537
0.092315
0.128616
0.245563
0.329448
0.287397
0.187785
0.125895
0.074417
0.248265
0.426766
0.454929
0.311013
0.120066
0.124112
0.130189
0.240339
0.410815
0.456066
0.372220
0.278474
0.252315
0.297131
0.344155
0.301802
0.223997
0.255882
0.337462
0.407292
0.426730
0.367259
0.287965
0.260037
0.282454
0.348079
0.396882
0.383978
0.347038
0.349409
0.382603
0.388420
0.347493
0.308981
0.330589
0.384211
0.413555
0.399719
0.362324
0.335553
0.335622
0.343889
0.336670
0.310493
0.273132
0.249260
0.218726
0.106660
0.094983
0.275979
0.376025
0.406006
0.379441
0.281876
0.185683
0.224342
0.345433
0.426630
0.360425
0.185702
0.159874
0.192208
0.254669
0.365734
0.350719
0.212067
0.034396
0.205775
0.434301
0.509041
0.392770
0.252790
0.292409
0.445665
0.510898
0.345048
0.071566
0.173773
0.162284
0.382291
0.585115
0.535167
0.358351
0.299889
0.415520
0.532522
0.404271
0.037333
0.300236
0.300712
0.165984
0.429104
0.452687
0.199404
0.071624
0.080317
0.206198
0.373010
0.326310
0.194331
0.243432
0.367678
0.488857
0.450060
0.221795
0.108151
0.224060
0.297847
0.314547
0.189537
0.250693
0.382766
0.268595
0.149653
0.360329
0.435823
0.416754
0.462891
0.585667
0.628370
0.448393
0.157548
0.319027
0.359519
0.122830
0.243267
0.446561
0.439942
0.327876
0.264337
0.303296
0.374600
0.383039
0.313005
0.226332
0.144069
0.050303
0.145240
0.259801
0.339112
0.412861
0.470402
0.474003
0.416438
0.306729
0.166815
0.149350
0.235799
0.216046
0.146766
0.289176
0.410756
0.352322
0.158529
0.223634
0.363646
0.314895
0.093933
0.195015
0.394628
0.420794
0.313297
0.288762
0.354678
0.298858
0.166627
0.231546
0.286460
0.192000
0.027341
0.109713
0.135705
0.091068
0.096509
0.185230
0.287756
0.374670
0.379072
0.243252
0.071157
0.194760
0.179762
0.178787
0.397982
0.477512
0.342825
0.140573
0.169343
0.273460
0.338377
0.324183
0.259010
0.263628
0.340615
0.416174
0.413242
0.289705
0.143559
0.151995
0.156959
0.180604
0.270822
0.332052
0.352804
0.340279
0.270386
0.141626
0.036641
0.063462
0.067932
0.215299
0.347754
0.369096
0.301677
0.250837
0.285609
0.359720
0.387604
0.325636
0.218849
0.182833
0.232247
0.273292
0.267122
0.202539
0.170465
0.320686
0.446656
0.409693
0.230143
0.051720
0.078825
0.200255
0.351793
0.426942
0.394663
0.268797
0.069337
0.175276
0.295689
0.261162
0.173260
0.173918
0.164882
0.137092
0.141851
0.132870
0.114618
0.116730
0.147938
0.193827
0.214106
0.190319
0.194136
0.272570
0.295053
0.219632
0.201847
0.262492
0.248380
0.206071
0.194145
0.169930
0.207079
0.282522
0.271106
0.137717
0.063003
0.215516
0.225982
0.119272
0.130720
0.192049
0.177213
0.173294
0.256249
0.375283
0.422907
0.348720
0.219534
0.139965
0.154382
0.209974
0.202360
0.141688
0.110796
0.207858
0.410049
0.506280
0.381815
0.229752
0.339720
0.327151
0.135662
0.088568
0.221826
0.424301
0.606037
0.585158
0.364865
0.140079
0.059797
0.107205
0.296960
0.409553
0.432529
0.410994
0.295924
0.149485
0.298035
0.382728
0.265968
0.066648
0.179339
0.231713
0.179449
0.153934
0.176379
0.181351
0.203837
0.182762
0.087557
0.244636
0.413975
0.426824
0.294268
0.138624
0.128373
0.170218
0.174288
0.147281
0.101219
0.122794
0.198567
0.194787
0.083795
0.110860
0.209180
0.202563
0.146704
0.116170
0.102038
0.130841
0.158577
0.144786
0.116378
0.090186
0.120904
0.162699
0.156411
0.269138
0.424277
0.413706
0.198343
0.143192
0.333418
0.372383
0.340611
0.267052
0.142441
0.223781
0.298275
0.224765
0.180465
0.198388
0.109700
0.023652
0.097461
0.177771
0.272516
0.250099
0.106416
0.128367
0.234361
0.272020
0.253840
0.185605
0.140256
0.135028
0.104713
0.073668
0.041036
0.076354
0.151729
0.359572
0.583849
0.571585
0.224646
0.326201
0.654026
0.583087
0.315538
0.424234
0.443690
0.172567
0.159555
0.275037
0.169464
0.081308
0.101630
0.205826
0.293397
0.209157
0.182071
0.334377
0.321826
0.169458
0.055986
0.124893
0.263622
0.303313
0.172861
0.138499
0.263284
0.255228
0.198440
0.161333
0.131545
0.209750
0.254377
0.206445
0.137382
0.078782
0.124641
0.200485
0.165449
0.084314
0.174791
0.203473
0.106886
0.108616
0.238240
0.255124
0.161128
0.098036
0.128403
0.205061
0.345226
0.402183
0.303438
0.123710
0.089344
0.136113
0.122779
0.079412
0.045476
0.132704
0.266932
0.384142
0.414217
0.340490
0.229145
0.168845
0.205677
0.278132
0.281044
0.196241
0.160581
0.229822
0.264726
0.267551
0.258210
0.242623
0.274061
0.304552
0.275444
0.304175
0.387623
0.364635
0.247645
0.195156
0.175363
0.109158
0.193763
0.334755
0.423935
0.420264
0.302174
0.112636
0.084982
0.149245
0.117577
0.165678
0.284721
0.336726
0.308028
0.284408
0.324187
0.317091
0.228025
0.243313
0.294702
0.221122
0.269736
0.402764
0.342829
0.160352
0.237871
0.285703
0.220186
0.297672
0.376182
0.273938
0.140939
0.336382
0.440301
0.404090
0.386067
0.354342
0.194915
0.096403
0.152933
0.124974
0.260712
0.359356
0.314117
0.217340
0.170238
0.244894
0.393353
0.454071
0.367085
0.200597
0.213684
0.380697
0.439454
0.324552
0.199839
0.304572
0.314713
0.187450
0.210098
0.278063
0.245112
0.207465
0.204249
0.251890
0.279918
0.210517
0.203061
0.253569
0.174533
0.139538
0.294912
0.414809
0.460100
0.377075
0.203730
0.198150
0.246291
0.163487
0.016765
0.094376
0.119283
0.091446
0.172709
0.260273
0.248337
0.154752
0.032842
0.094181
0.174429
0.148610
0.123246
0.213546
0.232999
0.197644
0.182172
0.165085
0.185718
0.182616
0.157053
0.237616
0.240691
0.075646
0.164968
0.338561
0.387858
0.372620
0.361916
0.313380
0.168112
0.056014
0.192018
0.207085
0.162256
0.171211
0.126367
0.034662
0.237867
0.355759
0.294650
0.130036
0.252099
0.335562
0.236364
0.121680
0.190403
0.250875
0.264169
0.188089
0.113104
0.187556
0.187519
0.158611
0.192112
0.198247
0.218728
0.229100
0.158982
0.170617
0.265148
0.245693
0.165311
0.252676
0.319337
0.247392
0.191359
0.258424
0.252381
0.179043
0.160438
0.225072
0.301594
0.319049
0.275165
0.233370
0.242207
0.281965
0.265503
0.183369
0.175244
0.178213
0.075094
0.116755
0.241972
0.297066
0.297030
0.273243
0.265295
0.250569
0.203491
0.180389
0.198413
0.236260
0.282094
0.294082
0.269591
0.254775
0.286026
0.328323
0.314667
0.214500
0.096885
0.185639
0.237807
0.177971
0.170821
0.192463
0.172549
0.288642
0.320337
0.143761
0.189487
0.331469
0.242755
0.110524
0.191201
0.157651
0.046701
0.074543
0.225280
0.339734
0.271880
0.070588
0.277824
0.387100
0.323316
0.289798
0.356365
0.355255
0.275136
0.231083
0.310223
0.385163
0.351614
0.218555
0.112594
0.138882
0.156350
0.167758
0.173011
0.136792
0.079898
0.151941
0.259226
0.297200
0.268760
0.224923
0.210363
0.274946
0.328805
0.268530
0.121941
0.017880
0.150511
0.309353
0.405774
0.358478
0.205184
0.127056
0.208373
0.254324
0.240823
0.204768
0.198759
0.235799
0.274393
0.271690
0.231293
0.185568
0.167185
0.208888
0.260255
0.278450
0.260382
0.198412
0.167124
0.220176
0.203978
0.117926
0.198682
0.307017
0.327240
0.284842
0.239799
0.245805
0.303556
0.346003
0.309919
0.222450
0.225525
0.272236
0.247683
0.190016
0.186279
0.243827
0.280804
0.250365
0.229284
0.265686
0.270764
0.240888
0.178277
0.093438
0.161692
0.173495
0.065457
0.218903
0.345851
0.340481
0.276146
0.227410
0.267275
0.332544
0.271849
0.181652
0.267500
0.249023
0.136065
0.270688
0.361844
0.317431
0.240074
0.221072
0.268652
0.304334
0.277973
0.236327
0.237680
0.319501
0.418193
0.416906
0.310867
0.208455
0.208941
0.332001
0.471985
0.510816
0.433974
0.319612
0.261746
0.293501
0.322156
0.245912
0.060946
0.157125
0.266000
0.228284
0.156326
0.183336
0.154585
0.077950
0.101752
0.079106
0.170904
0.288732
0.270034
0.142201
0.100368
0.212348
0.323916
0.316384
0.133900
0.145358
0.260732
0.143232
0.116684
0.304985
0.326351
0.262000
0.251488
0.321159
0.400567
0.390690
0.303984
0.255001
0.280874
0.346265
0.370115
0.316632
0.267167
0.250260
0.291503
0.369454
0.313795
0.131226
0.240154
0.340307
0.242326
0.064196
0.197500
0.294744
0.325930
0.343404
0.305243
0.183199
0.068968
0.040139
0.078974
0.184825
0.218985
0.193796
0.163400
0.126755
0.172281
0.213482
0.182394
0.161207
0.127640
0.203034
0.377389
0.419002
0.286236
0.091395
0.038264
0.088248
0.140737
0.221248
0.295943
0.365794
0.473074
0.552316
0.505988
0.366423
0.247798
0.222906
0.307363
0.346901
0.244328
0.080142
0.071953
0.152696
0.298724
0.389962
0.351265
0.234388
0.179537
0.262093
0.346445
0.347635
0.265454
0.156305
0.079282
0.065536
0.096479
0.130915
0.121508
0.044136
0.078335
0.166401
0.185778
0.159699
0.123929
0.052622
0.070921
0.183242
0.203629
0.106580
0.088523
0.170442
0.108666
0.092537
0.257587
0.292940
0.210424
0.199885
0.219290
0.089106
0.162411
0.348971
0.314375
0.139571
0.354709
0.452998
0.244229
0.246479
0.521333
0.508256
0.247978
0.050224
0.179303
0.176237
0.167471
0.238765
0.342066
0.383858
0.345753
0.296971
0.266746
0.209339
0.111417
0.100784
0.154001
0.107840
0.110403
0.208847
0.225766
0.232847
0.255187
0.181137
0.021843
0.138557
0.201486
0.185848
0.141843
0.110309
0.118137
0.129309
0.083624
0.041656
0.198333
0.292139
0.276517
0.218563
0.191138
0.140444
0.073197
0.044842
0.055278
0.139120
0.172196
0.121202
0.077424
0.139509
0.175529
0.153814
0.120914
0.135938
0.141538
0.114515
0.107810
0.128255
0.131984
0.110252
0.085143
0.078309
0.089249
0.104858
0.108589
0.111856
0.124576
0.146422
0.143042
0.088029
0.180919
0.300556
0.287531
0.208165
0.253633
0.277747
0.176246
0.090842
0.267615
0.390464
0.364717
0.296640
0.342619
0.333674
0.314427
0.399529
0.336094
0.078155
0.247583
0.346570
0.275063
0.321279
0.397257
0.326537
0.182904
0.129869
0.240722
0.411986
0.517456
0.456720
0.242294
0.020496
0.073433
0.035365
0.212685
0.289104
0.219850
0.163484
0.189877
0.263984
0.399381
0.430623
0.308622
0.158406
0.123043
0.207496
0.291920
0.313828
0.385104
0.437817
0.310460
0.273648
0.522850
0.593336
0.416318
0.167492
0.075717
0.035638
0.207004
0.301813
0.282593
0.376527
0.466470
0.333228
0.209167
0.372084
0.325605
0.112221
0.274434
0.327109
0.178069
0.020208
0.063351
0.060153
0.174045
0.250664
0.249420
0.263187
0.334755
0.319543
0.239575
0.312743
0.410665
0.407506
0.279320
0.134687
0.335875
0.383368
0.175851
0.314703
0.489367
0.370683
0.142367
0.161188
0.241437
0.377237
0.396384
0.230337
0.052194
0.058386
0.079826
0.242307
0.337928
0.305743
0.212809
0.347772
0.531877
0.553598
0.434019
0.264456
0.091407
0.124571
0.125722
0.142444
0.331547
0.406698
0.428062
0.516665
0.511240
0.434314
0.491066
0.513421
0.455199
0.493218
0.444077
0.133157
0.313131
0.628682
0.642095
0.401151
0.120165
0.050500
0.251988
0.527077
0.685990
0.626473
0.433708
0.297225
0.335903
0.475257
0.545907
0.438272
0.209781
0.133916
0.184443
0.238236
0.425808
0.589846
0.640218
0.620506
0.615067
0.631614
0.583361
0.398815
0.142771
0.109595
0.069147
0.188570
0.421594
0.464832
0.310137
0.133119
0.127948
0.333555
0.543287
0.590588
0.479080
0.330648
0.213477
0.194202
0.199846
0.149500
0.252418
0.314520
0.186110
0.051065
0.196662
0.177274
0.065141
0.130058
0.267796
0.395533
0.439013
0.348922
0.190943
0.263671
0.422473
0.460267
0.420372
0.392897
0.322015
0.205412
0.253805
0.330838
0.311722
0.288346
0.277308
0.199245
0.125594
0.135831
0.127626
0.237163
0.351678
0.371806
0.420581
0.497128
0.418495
0.243470
0.341529
0.446648
0.397968
0.355787
0.443800
0.582141
0.667266
0.626507
0.502944
0.446649
0.548867
0.699249
0.743200
0.656136
0.536999
0.402621
0.359605
0.570867
0.659774
0.461114
0.181746
0.250746
0.231280
0.067460
0.051974
0.026560
0.109581
0.160883
0.253071
0.443733
0.519529
0.402912
0.229695
0.194725
0.205165
0.254401
0.322868
0.315182
0.242074
0.206335
0.251559
0.312027
0.382107
0.457412
0.471889
0.361212
0.163705
0.190869
0.267973
0.167114
0.210399
0.413210
0.435204
0.247908
0.069557
0.278629
0.368798
0.323288
0.215584
0.188490
0.243601
0.271074
0.275817
0.284363
0.294773
0.287525
0.232808
0.132863
0.052108
0.065441
0.160971
0.281663
0.339838
0.313883
0.262205
0.254309
0.301043
0.338676
0.310328
0.239937
0.204999
0.242153
0.303166
0.328152
0.310846
0.279459
0.288988
0.365365
0.387462
0.282601
0.168702
0.251836
0.362519
0.382693
0.258302
0.105162
0.230473
0.271540
0.270394
0.339547
0.322777
0.198907
0.211933
0.316633
0.339488
0.302723
0.275050
0.302860
0.373201
0.412604
0.358726
0.219381
0.040287
0.164417
0.301334
0.284347
0.118864
0.093790
0.122641
0.039947
0.226033
0.326171
0.308739
0.279315
0.307365
0.325651
0.257509
0.132681
0.068384
0.032002
0.223742
0.372536
0.381960
0.335125
0.356845
0.382837
0.338710
0.196408
0.052074
0.189402
0.240524
0.242949
0.217413
0.117666
0.011646
0.019998
0.132845
0.238483
0.228495
0.127812
0.089643
0.273394
0.435450
0.399513
0.160395
0.106183
0.142786
0.122929
0.340317
0.407858
0.302271
0.224326
0.278722
0.354104
0.348589
0.213002
0.116991
0.254528
0.333693
0.275448
0.114236
0.208839
0.265468
0.215230
0.364096
0.428778
0.238137
0.080235
0.210858
0.147999
0.293591
0.434993
0.355139
0.161957
0.078072
0.023513
0.185636
0.289337
0.254600
0.193569
0.195881
0.204053
0.310385
0.375442
0.255766
0.130358
0.295078
0.286555
0.070310
0.211871
0.342526
0.320937
0.279671
0.237231
0.227293
0.321289
0.337755
0.325891
0.408458
0.416218
0.348533
0.334958
0.265561
0.254094
0.414400
0.406642
0.195965
0.177579
0.304759
0.289791
0.233144
0.270361
0.382532
0.422079
0.306695
0.152526
0.220619
0.224310
0.083588
0.200151
0.364533
0.395462
0.316156
0.222390
0.205900
0.279970
0.372031
0.385238
0.283788
0.134084
0.077126
0.128534
0.191430
0.191456
0.096392
0.010894
0.011588
0.156230
0.345944
0.418998
0.336427
0.209943
0.141677
0.210114
0.368152
0.412640
0.285260
0.120263
0.168766
0.213283
0.197452
0.142418
0.074297
0.067520
0.073975
0.155372
0.260500
0.303893
0.288469
0.262566
0.249933
0.250863
0.257725
0.265934
0.280351
0.290855
0.285462
0.264748
0.244729
0.256983
0.301994
0.353349
0.371245
0.310281
0.200326
0.187038
0.207781
0.128427
0.115326
0.297309
0.430909
0.445585
0.335650
0.172449
0.084390
0.091982
0.115588
0.142353
0.120384
0.059636
0.067617
0.146315
0.238347
0.307760
0.314097
0.260894
0.215976
0.228737
0.249558
0.255902
0.265122
0.277792
0.271153
0.236435
0.206826
0.230363
0.306808
0.362243
0.311059
0.152544
0.040806
0.093915
0.170951
0.333988
0.413210
0.340704
0.206248
0.143705
0.091628
0.085833
0.195724
0.263374
0.275393
0.263336
0.256370
0.264531
0.286204
0.324174
0.365708
0.355566
0.240961
0.035705
0.174601
0.281715
0.229953
0.079399
0.227455
0.379375
0.367937
0.196220
0.095010
0.262401
0.309047
0.227557
0.156856
0.272643
0.394688
0.429601
0.367831
0.245732
0.154192
0.187974
0.263564
0.303727
0.254227
0.111904
0.050182
0.115686
0.097064
0.150753
0.209407
0.220086
0.267386
0.322975
0.320364
0.295854
0.293336
0.281132
0.222068
0.103015
0.131896
0.306934
0.377394
0.298627
0.173505
0.138580
0.052389
0.196125
0.378288
0.366595
0.146739
0.162141
0.302789
0.224000
0.192858
0.379997
0.417346
0.261299
0.042791
0.130410
0.149325
0.077987
0.051722
0.124149
0.203698
0.272435
0.299180
0.273260
0.226532
0.221718
0.278826
0.327271
0.296172
0.186677
0.067568
0.028622
0.149983
0.279120
0.350095
0.333291
0.238573
0.148351
0.211720
0.277784
0.302342
0.326302
0.302311
0.259230
0.307583
0.333320
0.256287
0.140293
0.067118
0.052563
0.070971
0.110882
0.178127
0.255238
0.319902
0.317486
0.216202
0.104751
0.114103
0.101931
0.165576
0.271557
0.310780
0.292594
0.266764
0.265564
0.270472
0.253616
0.238474
0.246295
0.266480
0.284506
0.277621
0.263762
0.297626
0.362085
0.373608
0.279716
0.136322
0.128580
0.163213
0.180358
0.200920
0.181152
0.175074
0.244372
0.352248
0.405291
0.311065
0.104116
0.085893
0.166780
0.248897
0.294952
0.203361
0.048754
0.031287
0.145918
0.293783
0.274952
0.072940
0.210076
0.244412
0.033139
0.279315
0.433978
0.379917
0.249042
0.200075
0.243824
0.309444
0.320763
0.284154
0.258591
0.239033
0.167458
0.073573
0.160549
0.168605
0.022193
0.236528
0.394591
0.395563
0.305353
0.247409
0.272003
0.322673
0.324108
0.277277
0.250401
0.288307
0.352010
0.352120
0.265900
0.215564
0.261597
0.289624
0.302974
0.303476
0.240576
0.107084
0.063431
0.189386
0.251389
0.255351
0.244740
0.243535
0.225548
0.221005
0.309268
0.373776
0.291218
0.083814
0.140142
0.199305
0.081535
0.110586
0.225374
0.182046
0.051218
0.192983
0.299887
0.293312
0.214286
0.145748
0.086190
0.063903
0.180045
0.219765
0.163892
0.214885
0.332490
0.345181
0.266317
0.210744
0.206842
0.162874
0.054949
0.116031
0.241949
0.282630
0.222014
0.115143
0.138755
0.254569
0.340744
0.376175
0.371561
0.344031
0.298385
0.256620
0.238643
0.224386
0.243707
0.293406
0.294648
0.250022
0.210822
0.188974
0.236439
0.310037
0.336008
0.325944
0.271436
0.231070
0.333710
0.380529
0.277426
0.247577
0.371752
0.398918
0.326854
0.262094
0.251488
0.280101
0.323919
0.314646
0.250777
0.288620
0.336250
0.200378
0.145565
0.403345
0.466077
0.325312
0.197620
0.209841
0.222457
0.330282
0.451346
0.475566
0.418310
0.342441
0.269516
0.193276
0.143830
0.168399
0.249430
0.323908
0.328954
0.243531
0.109632
0.054236
0.102148
0.187186
0.315680
0.371298
0.281961
0.088447
0.101455
0.179719
0.133152
0.043630
0.166884
0.273732
0.304955
0.269069
0.195979
0.183996
0.268718
0.288060
0.261402
0.350948
0.415494
0.342094
0.267279
0.273792
0.191914
0.092495
0.208983
0.296307
0.357285
0.374860
0.318019
0.247659
0.174093
0.038441
0.189154
0.355232
0.442211
0.461810
0.425741
0.351221
0.283845
0.262826
0.283432
0.308832
0.317177
0.317567
0.322118
0.311433
0.262283
0.230501
0.267726
0.300695
0.316638
0.299799
0.190347
0.012439
0.144336
0.268587
0.404211
0.489114
0.480655
0.451247
0.427620
0.377236
0.352429
0.331462
0.240356
0.135291
0.089406
0.099598
0.209694
0.302962
0.335313
0.321979
0.287997
0.282451
0.311438
0.305845
0.269353
0.262286
0.240897
0.161079
0.098029
0.126460
0.222367
0.332904
0.366217
0.308208
0.235210
0.232455
0.304584
0.363195
0.343882
0.281649
0.250008
0.270737
0.345617
0.392348
0.320900
0.200539
0.287336
0.380976
0.320022
0.178776
0.132392
0.093152
0.116592
0.274969
0.347230
0.285405
0.151082
0.157046
0.233707
0.234801
0.221897
0.208153
0.121702
0.077794
0.204484
0.280352
0.285530
0.248175
0.252082
0.286546
0.278453
0.274060
0.286629
0.261453
0.238467
0.239088
0.209287
0.142053
0.090712
0.149616
0.236366
0.360302
0.486573
0.487912
0.326820
0.108700
0.047538
0.147359
0.254907
0.326937
0.349781
0.323298
0.233850
0.167328
0.226623
0.276062
0.204965
0.049124
0.379218
0.602463
0.542901
0.237140
0.143755
0.296427
0.268108
0.220683
0.172122
0.115594
0.252216
0.337742
0.307667
0.242507
0.227801
0.264526
0.289663
0.261432
0.207547
0.193235
0.240521
0.299181
0.322156
0.310434
0.291900
0.292082
0.298015
0.251899
0.187519
0.247534
0.321295
0.347225
0.364233
0.319531
0.180109
0.169288
0.302341
0.356002
0.316371
0.190141
0.091021
0.190681
0.173685
0.059762
0.229179
0.332892
0.297543
0.208217
0.182233
0.242773
0.304955
0.268923
0.126985
0.108539
0.190860
0.213775
0.297590
0.375722
0.342718
0.251008
0.210172
0.139955
0.092669
0.292535
0.412198
0.372780
0.222225
0.079528
0.047443
0.109788
0.220861
0.306403
0.330579
0.307735
0.272966
0.250059
0.230850
0.187178
0.153492
0.242936
0.344968
0.339981
0.224664
0.126717
0.148273
0.138197
0.130458
0.188562
0.243311
0.270831
0.277658
0.269434
0.244834
0.225445
0.240084
0.279080
0.313380
0.271363
0.115605
0.070812
0.125094
0.037903
0.257850
0.385024
0.308488
0.148484
0.131444
0.075246
0.118018
0.242715
0.281104
0.258460
0.203533
0.249226
0.377042
0.404727
0.323360
0.260523
0.285589
0.318240
0.300077
0.256965
0.250130
0.221108
0.151837
0.177629
0.244220
0.282120
0.306468
0.308428
0.291526
0.262747
0.229497
0.249415
0.291004
0.273614
0.248842
0.279820
0.260634
0.205688
0.280195
0.341755
0.291331
0.215989
0.219715
0.290105
0.366152
0.358451
0.249722
0.165257
0.232234
0.278443
0.225595
0.120535
0.121598
0.173887
0.197306
0.191227
0.157512
0.150647
0.143238
0.114771
0.155284
0.192018
0.172236
0.106962
0.120991
0.255519
0.301130
0.208863
0.092467
0.058909
0.049651
0.189992
0.230679
0.132382
0.014192
0.082552
0.184159
0.338768
0.392518
0.275580
0.118051
0.247704
0.326495
0.268899
0.166476
0.169389
0.263958
0.359862
0.415660
0.413219
0.334078
0.218215
0.279199
0.390866
0.359575
0.211149
0.186216
0.328683
0.395983
0.328282
0.185951
0.153220
0.161314
0.092099
0.096635
0.148352
0.161202
0.150131
0.120862
0.113785
0.084024
0.113440
0.271355
0.353018
0.298944
0.165350
0.075090
0.196043
0.313406
0.298991
0.140714
0.091320
0.177182
0.117931
0.020177
0.122402
0.167753
0.214239
0.313784
0.418403
0.408115
0.236143
0.138550
0.247609
0.187117
0.161060
0.340029
0.429765
0.453489
0.443857
0.357953
0.260328
0.218845
0.136063
0.108533
0.152583
0.112733
0.211459
0.337952
0.360826
0.337795
0.321542
0.286977
0.287368
0.326645
0.305241
0.218628
0.195231
0.285956
0.349167
0.318192
0.212128
0.130363
0.147899
0.179265
0.223330
0.287044
0.334344
0.338744
0.306078
0.275045
0.278196
0.304865
0.328792
0.313806
0.235295
0.125911
0.061924
0.099299
0.207837
0.273559
0.209723
0.033879
0.153481
0.275353
0.349886
0.393604
0.356699
0.230211
0.177170
0.325703
0.426777
0.402719
0.321298
0.231918
0.071114
0.257417
0.440085
0.387396
0.204029
0.308500
0.397358
0.288231
0.107588
0.250993
0.361384
0.259649
0.093807
0.297910
0.328806
0.174315
0.154175
0.140597
0.095760
0.261318
0.243046
0.070167
0.254919
0.349233
0.302265
0.310827
0.380400
0.364776
0.246975
0.115283
0.114827
0.151823
0.208089
0.250265
0.243583
0.267511
0.323413
0.331300
0.279274
0.209815
0.212559
0.275574
0.326467
0.336627
0.261009
0.103727
0.050623
0.091068
0.120029
0.236770
0.312110
0.321564
0.301646
0.279491
0.278807
0.274296
0.241977
0.232893
0.253579
0.250959
0.227832
0.230938
0.275347
0.313136
0.292339
0.208845
0.176320
0.214366
0.160296
0.173244
0.339930
0.390999
0.318485
0.275553
0.278024
0.259801
0.277550
0.329426
0.390057
0.423887
0.381552
0.284819
0.199177
0.140372
0.135630
0.182592
0.180183
0.108008
0.036458
0.063056
0.221432
0.388342
0.422635
0.300688
0.200797
0.251198
0.310437
0.355159
0.320977
0.220614
0.218659
0.306027
0.379798
0.361811
0.223992
0.129686
0.179084
0.210310
0.240006
0.181726
0.120597
0.235081
0.324390
0.443901
0.511515
0.381905
0.130632
0.189212
0.233480
0.143014
0.142790
0.187076
0.187999
0.236595
0.279772
0.249731
0.226956
0.260651
0.277737
0.283435
0.252495
0.236003
0.344221
0.392389
0.309228
0.194183
0.090276
0.115654
0.249181
0.301323
0.308533
0.298776
0.232733
0.166252
0.250200
0.379160
0.374834
0.192615
0.117640
0.176571
0.096735
0.256066
0.294000
0.126697
0.245853
0.335887
0.209865
0.066664
0.106794
0.157302
0.186161
0.202564
0.336002
0.360471
0.189951
0.159141
0.199366
0.023467
0.222583
0.344060
0.314156
0.256968
0.253035
0.247191
0.130927
0.101085
0.236801
0.139136
0.136514
0.311961
0.205013
0.111872
0.299543
0.194108
0.234197
0.474387
0.437402
0.190299
0.076466
0.146490
0.215157
0.245125
0.169030
0.113349
0.172395
0.351443
0.516136
0.504576
0.342957
0.265526
0.310976
0.339989
0.376033
0.339722
0.176941
0.170247
0.303185
0.271122
0.138691
0.156068
0.227482
0.246447
0.194352
0.140429
0.187703
0.154835
0.169962
0.273298
0.205664
0.075242
0.173631
0.181561
0.444541
0.697314
0.653629
0.341954
0.106419
0.164078
0.060242
0.217431
0.329175
0.300705
0.275826
0.323166
0.311743
0.190603
0.009409
0.163599
0.253989
0.261027
0.219356
0.153816
0.065481
0.050608
0.083890
0.033718
0.169745
0.350338
0.473048
0.506559
0.432938
0.252961
0.039701
0.082217
0.047679
0.132518
0.272857
0.301953
0.236324
0.172854
0.181759
0.249795
0.304197
0.323114
0.368589
0.407191
0.336887
0.190059
0.220389
0.336185
0.384587
0.380235
0.319038
0.223505
0.205129
0.252860
0.289014
0.289307
0.227918
0.189613
0.267549
0.341836
0.359642
0.291879
0.150734
0.108167
0.114930
0.120263
0.243199
0.239442
0.069056
0.200307
0.323259
0.322719
0.333729
0.355094
0.320613
0.288207
0.298393
0.316261
0.314429
0.297976
0.288867
0.298248
0.348958
0.378416
0.306168
0.211628
0.266830
0.344125
0.351092
0.284136
0.200204
0.202911
0.253085
0.342120
0.414959
0.356189
0.202101
0.257539
0.372144
0.337540
0.194213
0.073789
0.013341
0.109086
0.245109
0.300934
0.257836
0.161869
0.093892
0.228126
0.350319
0.348337
0.283497
0.310602
0.359860
0.337857
0.285191
0.266420
0.273660
0.270731
0.265096
0.284214
0.309562
0.299935
0.248466
0.222130
0.284228
0.330693
0.294978
0.270625
0.310799
0.258317
0.100027
0.181898
0.229559
0.108094
0.203074
0.352525
0.335812
0.225809
0.217248
0.257750
0.265008
0.281182
0.249673
0.135316
0.165815
0.247656
0.181784
0.025223
0.128733
0.163956
0.156672
0.208941
0.305186
0.397670
0.417503
0.329721
0.185591
0.085888
0.031440
0.151857
0.320883
0.395532
0.319538
0.152753
0.067173
0.084370
0.085327
0.198053
0.303422
0.331002
0.284716
0.202737
0.114294
0.080467
0.119687
0.158211
0.200877
0.245053
0.293429
0.294099
0.199738
0.171789
0.300352
0.431103
0.549950
0.549204
0.393093
0.297481
0.298132
0.272847
0.440615
0.527488
0.342302
0.150174
0.318459
0.266833
0.077045
0.332416
0.452714
0.347374
0.115728
0.106196
0.205754
0.257734
0.317462
0.338292
0.326710
0.328676
0.314749
0.237674
0.112107
0.175767
0.329487
0.389260
0.345099
0.278506
0.256412
0.270542
0.360884
0.452472
0.410811
0.247904
0.180460
0.248339
0.300208
0.325118
0.282188
0.292648
0.376329
0.351765
0.261130
0.228150
0.172022
0.205108
0.311031
0.317796
0.312873
0.352512
0.327681
0.268186
0.293896
0.366254
0.400350
0.340902
0.195380
0.146846
0.231692
0.227939
0.142101
0.117418
0.219155
0.313005
0.350860
0.326561
0.277488
0.261680
0.297576
0.340372
0.347133
0.320479
0.280276
0.216156
0.119274
0.020781
0.036700
0.036370
0.004753
0.027131
0.024376
0.005030
0.024597
0.017909
0.008842
0.023895
0.011343
0.014204
0.022161
0.003788
0.018793
0.018253
0.004277
0.021228
0.012142
0.011570
0.020799
0.004552
0.017071
0.017413
0.003769
0.019895
0.011555
0.010984
0.019603
0.004291
0.016342
0.016285
0.004221
0.018967
0.010554
0.010989
0.018495
0.003675
0.015950
0.015088
0.004867
0.018205
0.009422
0.011190
0.017444
0.003006
0.015689
0.013887
0.005550
0.017519
0.008265
0.011451
0.016433
0.002484
0.015476
0.012708
0.006226
0.016868
0.007129
0.011717
0.015451
0.002282
0.015270
0.011559
0.006875
0.016230
0.006037
0.011962
0.014492
0.002471
0.015054
0.010443
0.007487
0.015595
0.005009
0.012173
0.013549
0.002945
0.014817
0.009361
0.008056
0.014956
0.004063
0.012344
0.012622
0.003556
0.014553
0.008315
0.008577
0.014308
0.003232
0.012471
0.011707
0.004215
0.014260
0.007306
0.009048
0.013650
0.002576
0.012552
0.010804
0.004876
0.013935
0.006337
0.009467
0.012981
0.002193
0.012587
0.009913
0.005515
0.013580
0.005411
0.009835
0.012301
0.002171
0.012576
0.009035
0.006122
0.013193
0.004535
0.010152
0.011611
0.002471
0.012520
0.008170
0.006689
0.012777
0.003723
0.010417
0.010912
0.002959
0.012421
0.007322
0.007214
0.012333
0.002999
0.010632
0.010206
0.003528
0.012279
0.006491
0.007693
0.011862
0.002408
0.010798
0.009493
0.004120
0.012096
0.005682
0.008125
0.011366
0.002030
0.010915
0.008777
0.004705
0.011874
0.004900
0.008511
0.010847
0.001948
0.010985
0.008059
0.005269
0.011615
0.004152
0.008850
0.010307
0.002160
0.011009
0.007341
0.005803
0.011320
0.003449
0.009143
0.009748
0.002565
0.010989
0.006628
0.006303
0.010991
0.002813
0.009388
0.009173
0.003063
0.010925
0.005921
0.006766
0.010631
0.002280
0.009589
0.008584
0.003595
0.010820
0.005225
0.007189
0.010241
0.001916
0.009744
0.007983
0.004131
0.010675
0.004545
0.007572
0.009824
0.001796
0.009855
0.007373
0.004654
0.010492
0.003888
0.007913
0.009381
0.001940
0.009922
0.006757
0.005155
0.010272
0.003265
0.008213
0.008916
0.002277
0.009947
0.006138
0.005629
0.010018
0.002694
0.008472
0.008431
0.002715
0.009931
0.005520
0.006072
0.009731
0.002205
0.008689
0.007927
0.003197
0.009875
0.004906
0.006481
0.009413
0.001851
0.008864
0.007408
0.003690
0.009781
0.004301
0.006855
0.009066
0.001699
0.008999
0.006876
0.004177
0.009649
0.003712
0.007193
0.008693
0.001784
0.009094
0.006334
0.004649
0.009481
0.003149
0.007494
0.008295
0.002057
0.009149
0.005786
0.005099
0.009279
0.002627
0.007758
0.007875
0.002442
0.009165
0.005233
0.005523
0.009045
0.002170
0.007984
0.007435
0.002879
0.009143
0.004681
0.005918
0.008780
0.001823
0.008173
0.006978
0.003334
0.009084
0.004134
0.006283
0.008485
0.001644
0.008323
0.006505
0.003790
0.008990
0.003597
0.006616
0.008164
0.001673
0.008436
0.006020
0.004236
0.008861
0.003081
0.006915
0.007817
0.001888
0.008513
0.005526
0.004664
0.008698
0.002596
0.007181
0.007448
0.002221
0.008552
0.005025
0.005071
0.008504
0.002166
0.007413
0.007057
0.002617
0.008556
0.004522
0.005454
0.008279
0.001824
0.007610
0.006648
0.003038
0.008525
0.004020
0.005810
0.008026
0.001620
0.007772
0.006222
0.003466
0.008459
0.003525
0.006137
0.007746
0.001600
0.007899
0.005782
0.003889
0.008360
0.003046
0.006434
0.007440
0.001757
0.007991
0.005332
0.004298
0.008229
0.002592
0.006701
0.007111
0.002041
0.008049
0.004873
0.004690
0.008067
0.002182
0.006936
0.006760
0.002397
0.008073
0.004409
0.005061
0.007875
0.001844
0.007140
0.006390
0.002787
0.008064
0.003945
0.005409
0.007655
0.001621
0.007310
0.006002
0.003189
0.008021
0.003484
0.005731
0.007408
0.001556
0.007448
0.005600
0.003591
0.007947
0.003035
0.006026
0.007136
0.001659
0.007554
0.005185
0.003983
0.007842
0.002607
0.006292
0.006840
0.001894
0.007627
0.004761
0.004361
0.007706
0.002214
0.006530
0.006522
0.002211
0.007667
0.004331
0.004722
0.007542
0.001880
0.006738
0.006185
0.002571
0.007676
0.003897
0.005062
0.007349
0.001641
0.006916
0.005830
0.002948
0.007653
0.003466
0.005379
0.007130
0.001537
0.007064
0.005459
0.003330
0.007600
0.003042
0.005671
0.006887
0.001589
0.007180
0.005075
0.003707
0.007516
0.002635
0.005938
0.006619
0.001776
0.007266
0.004680
0.004073
0.007403
0.002257
0.006178
0.006330
0.002054
0.007321
0.004278
0.004424
0.007262
0.001928
0.006390
0.006021
0.002383
0.007345
0.003871
0.004757
0.007094
0.001676
0.006574
0.005693
0.002737
0.007339
0.003465
0.005069
0.006899
0.001539
0.006729
0.005350
0.003100
0.007303
0.003063
0.005359
0.006680
0.001543
0.006855
0.004992
0.003462
0.007239
0.002674
0.005626
0.006437
0.001682
0.006952
0.004623
0.003816
0.007146
0.002309
0.005868
0.006173
0.001920
0.007020
0.004245
0.004158
0.007025
0.001984
0.006084
0.005888
0.002219
0.007058
0.003861
0.004485
0.006877
0.001722
0.006273
0.005585
0.002550
0.007067
0.003476
0.004793
0.006704
0.001558
0.006435
0.005265
0.002895
0.007047
0.003094
0.005082
0.006507
0.001520
0.006570
0.004931
0.003242
0.006999
0.002721
0.005348
0.006286
0.001612
0.006677
0.004584
0.003586
0.006923
0.002367
0.005591
0.006043
0.001810
0.006755
0.004227
0.003920
0.006821
0.002046
0.005811
0.005780
0.002077
0.006805
0.003864
0.004240
0.006692
0.001778
0.006005
0.005498
0.002383
0.006828
0.003498
0.004545
0.006538
0.001591
0.006174
0.005200
0.002710
0.006822
0.003132
0.004831
0.006360
0.001515
0.006316
0.004886
0.003044
0.006790
0.002774
0.005097
0.006159
0.001563
0.006431
0.004559
0.003377
0.006730
0.002430
0.005342
0.005936
0.001719
0.006520
0.004222
0.003703
0.006644
0.002114
0.005565
0.005692
0.001954
0.006582
0.003877
0.004018
0.006532
0.001841
0.005764
0.005430
0.002236
0.006616
0.003527
0.004319
0.006395
0.001636
0.005938
0.005150
0.002544
0.006624
0.003177
0.004603
0.006235
0.001527
0.006087
0.004855
0.002864
0.006605
0.002831
0.004870
0.006051
0.001533
0.006211
0.004546
0.003186
0.006560
0.002498
0.005116
0.005846
0.001648
0.006309
0.004226
0.003505
0.006489
0.002185
0.005341
0.005620
0.001849
0.006382
0.003897
0.003814
0.006392
0.001909
0.005544
0.005375
0.002105
0.006427
0.003563
0.004111
0.006272
0.001690
0.005724
0.005113
0.002395
0.006447
0.003227
0.004394
0.006127
0.001553
0.005880
0.004835
0.002700
0.006441
0.002893
0.004661
0.005960
0.001520
0.006012
0.004543
0.003012
0.006409
0.002568
0.004908
0.005771
0.001596
0.006119
0.004238
0.003322
0.006352
0.002260
0.005136
0.005562
0.001761
0.006201
0.003925
0.003626
0.006270
0.001982
0.005343
0.005333
0.001991
0.006257
0.003604
0.003920
0.006164
0.001752
0.005529
0.005087
0.002260
0.006288
0.003280
0.004201
0.006034
0.001592
0.005691
0.004824
0.002550
0.006294
0.002957
0.004468
0.005882
0.001524
0.005830
0.004547
0.002851
0.006274
0.002640
0.004717
0.005708
0.001560
0.005945
0.004257
0.003153
0.006230
0.002337
0.004947
0.005514
0.001690
0.006036
0.003957
0.003452
0.006162
0.002059
0.005158
0.005300
0.001891
0.006102
0.003649
0.003743
0.006069
0.001820
0.005348
0.005069
0.002138
0.006144
0.003337
0.004022
0.005954
0.001640
0.005517
0.004821
0.002413
0.006161
0.003024
0.004288
0.005816
0.001543
0.005663
0.004557
0.002703
0.006153
0.002715
0.004539
0.005656
0.001541
0.005786
0.004281
0.002997
0.006122
0.002417
0.004772
0.005476
0.001635
0.005885
0.003994
0.003290
0.006066
0.002138
0.004986
0.005276
0.001806
0.005961
0.003698
0.003577
0.005986
0.001893
0.005181
0.005059
0.002030
0.006013
0.003397
0.003855
0.005884
0.001698
0.005356
0.004824
0.002288
0.006040
0.003093
0.004121
0.005759
0.001573
0.005508
0.004574
0.002566
0.006044
0.002791
0.004372
0.005613
0.001538
0.005639
0.004310
0.002851
0.006024
0.002498
0.004608
0.005446
0.001595
0.005747
0.004035
0.003138
0.005980
0.002220
0.004826
0.005259
0.001735
0.005831
0.003750
0.003422
0.005913
0.001970
0.005025
0.005055
0.001935
0.005893
0.003459
0.003698
0.005823
0.001762
0.005205
0.004833
0.002175
0.005930
0.003164
0.003963
0.005710
0.001615
0.005364
0.004595
0.002439
0.005945
0.002869
0.004216
0.005577
0.001548
0.005502
0.004343
0.002715
0.005935
0.002581
0.004454
0.005422
0.001571
0.005618
0.004079
0.002996
0.005903
0.002304
0.004675
0.005249
0.001678
0.005711
0.003805
0.003276
0.005847
0.002050
0.004879
0.005056
0.001852
0.005782
0.003523
0.003550
0.005769
0.001832
0.005064
0.004846
0.002072
0.005829
0.003236
0.003815
0.005669
0.001666
0.005230
0.004620
0.002322
0.005854
0.002949
0.004068
0.005547
0.001571
0.005374
0.004379
0.002589
0.005855
0.002664
0.004308
0.005405
0.001560
0.005498
0.004126
0.002863
0.005833
0.002390
0.004533
0.005243
0.001634
0.005600
0.003862
0.003138
0.005789
0.002134
0.004741
0.005062
0.001781
0.005679
0.003589
0.003410
0.005722
0.001907
0.004932
0.004864
0.001980
0.005736
0.003310
0.003674
0.005634
0.001725
0.005103
0.004649
0.002215
0.005770
0.003029
0.003929
0.005524
0.001605
0.005255
0.004419
0.002471
0.005782
0.002750
0.004171
0.005393
0.001563
0.005386
0.004176
0.002737
0.005771
0.002477
0.004399
0.005242
0.001605
0.005495
0.003921
0.003008
0.005737
0.002219
0.004611
0.005073
0.001722
0.005583
0.003657
0.003277
0.005681
0.001986
0.004806
0.004885
0.001899
0.005650
0.003386
0.003541
0.005604
0.001790
0.004984
0.004681
0.002117
0.005693
0.003111
0.003796
0.005505
0.001649
0.005142
0.004461
0.002360
0.005715
0.002836
0.004040
0.005385
0.001579
0.005280
0.004228
0.002619
0.005714
0.002566
0.004271
0.005246
0.001588
0.005397
0.003982
0.002885
0.005691
0.002307
0.004487
0.005087
0.001676
0.005494
0.003726
0.003151
0.005646
0.002069
0.004687
0.004910
0.001828
0.005569
0.003462
0.003413
0.005579
0.001862
0.004870
0.004716
0.002027
0.005622
0.003194
0.003669
0.005491
0.001702
0.005035
0.004506
0.002258
0.005653
0.002923
0.003914
0.005382
0.001606
0.005180
0.004282
0.002508
0.005662
0.002656
0.004148
0.005253
0.001585
0.005305
0.004045
0.002767
0.005649
0.002397
0.004369
0.005104
0.001642
0.005410
0.003797
0.003030
0.005615
0.002154
0.004574
0.004937
0.001768
0.005494
0.003540
0.003291
0.005558
0.001939
0.004762
0.004753
0.001947
0.005556
0.003278
0.003547
0.005480
0.001763
0.004933
0.004553
0.002163
0.005596
0.003012
0.003794
0.005382
0.001643
0.005085
0.004338
0.002403
0.005615
0.002747
0.004031
0.005263
0.001593
0.005218
0.004109
0.002656
0.005612
0.002489
0.004255
0.005125
0.001620
0.005331
0.003869
0.002915
0.005587
0.002243
0.004465
0.004968
0.001719
0.005423
0.003619
0.003175
0.005541
0.002020
0.004659
0.004793
0.001876
0.005494
0.003363
0.003430
0.005473
0.001830
0.004836
0.004602
0.002076
0.005544
0.003101
0.003679
0.005385
0.001690
0.004995
0.004396
0.002305
0.005572
0.002840
0.003918
0.005276
0.001613
0.005135
0.004175
0.002550
0.005579
0.002582
0.004146
0.005148
0.001610
0.005256
0.003943
0.002805
0.005564
0.002334
0.004360
0.005001
0.001680
0.005356
0.003700
0.003062
0.005527
0.002104
0.004559
0.004835
0.001814
0.005436
0.003449
0.003317
0.005470
0.001903
0.004742
0.004653
0.001997
0.005495
0.003192
0.003567
0.005391
0.001745
0.004908
0.004455
0.002213
0.005532
0.002933
0.003809
0.005292
0.001644
0.005055
0.004243
0.002450
0.005548
0.002677
0.004040
0.005174
0.001612
0.005184
0.004018
0.002699
0.005543
0.002427
0.004259
0.005036
0.001653
0.005293
0.003781
0.002954
0.005517
0.002192
0.004463
0.004880
0.001762
0.005381
0.003536
0.003208
0.005469
0.001982
0.004652
0.004706
0.001925
0.005449
0.003284
0.003459
0.005400
0.001807
0.004824
0.004517
0.002127
0.005496
0.003028
0.003703
0.005311
0.001684
0.004979
0.004312
0.002354
0.005521
0.002773
0.003937
0.005201
0.001624
0.005115
0.004094
0.002598
0.005525
0.002523
0.004160
0.005073
0.001637
0.005232
0.003864
0.002849
0.005508
0.002284
0.004370
0.004926
0.001719
0.005329
0.003624
0.003102
0.005470
0.002065
0.004565
0.004761
0.001861
0.005406
0.003377
0.003354
0.005411
0.001876
0.004743
0.004580
0.002047
0.005461
0.003124
0.003600
0.005331
0.001733
0.004905
0.004383
0.002263
0.005496
0.002871
0.003837
0.005231
0.001647
0.005049
0.004172
0.002500
0.005510
0.002620
0.004064
0.005112
0.001631
0.005174
0.003948
0.002747
0.005502
0.002378
0.004279
0.004974
0.001686
0.005279
0.003714
0.002999
0.005474
0.002151
0.004479
0.004817
0.001804
0.005365
0.003471
0.003251
0.005424
0.001951
0.004665
0.004644
0.001973
0.005429
0.003222
0.003498
0.005354
0.001790
0.004833
0.004455
0.002177
0.005473
0.002970
0.003739
0.005263
0.001681
0.004985
0.004251
0.002406
0.005496
0.002719
0.003970
0.005152
0.001636
0.005118
0.004033
0.002648
0.005498
0.002474
0.004189
0.005023
0.001663
0.005231
0.003805
0.002898
0.005479
0.002242
0.004396
0.004875
0.001756
0.005325
0.003566
0.003150
0.005439
0.002031
0.004587
0.004710
0.001905
0.005399
0.003321
0.003399
0.005377
0.001854
0.004763
0.004528
0.002096
0.005452
0.003071
0.003642
0.005296
0.001723
0.004922
0.004331
0.002315
0.005484
0.002820
0.003877
0.005194
0.001651
0.005063
0.004120
0.002552
0.005495
0.002573
0.004101
0.005074
0.001649
0.005185
0.003896
0.002799
0.005485
0.002335
0.004313
0.004934
0.001716
0.005287
0.003662
0.003050
0.005454
0.002116
0.004511
0.004776
0.001844
0.005370
0.003420
0.003300
0.005403
0.001924
0.004693
0.004602
0.002018
0.005432
0.003172
0.003546
0.005330
0.001773
0.004860
0.004412
0.002227
0.005473
0.002922
0.003784
0.005237
0.001676
0.005008
0.004207
0.002457
0.005494
0.002674
0.004013
0.005125
0.001645
0.005138
0.003989
0.002701
0.005493
0.002432
0.004230
0.004994
0.001685
0.005249
0.003760
0.002950
0.005471
0.002204
0.004434
0.004844
0.001788
0.005341
0.003521
0.003201
0.005428
0.002000
0.004624
0.004677
0.001945
0.005412
0.003276
0.003449
0.005365
0.001830
0.004797
0.004493
0.002141
0.005462
0.003026
0.003691
0.005281
0.001710
0.004954
0.004295
0.002364
0.005492
0.002776
0.003925
0.005177
0.001651
0.005092
0.004082
0.002603
0.005501
0.002531
0.004147
0.005054
0.001661
0.005212
0.003858
0.002851
0.005488
0.002296
0.004357
0.004912
0.001740
0.005312
0.003623
0.003102
0.005454
0.002081
0.004553
0.004752
0.001876
0.005392
0.003380
0.003352
0.005400
0.001895
0.004734
0.004576
0.002058
0.005451
0.003131
0.003597
0.005325
0.001752
0.004898
0.004383
0.002271
0.005490
0.002880
0.003835
0.005229
0.001665
0.005045
0.004176
0.002504
0.005508
0.002632
0.004063
0.005114
0.001646
0.005173
0.003956
0.002750
0.005504
0.002391
0.004279
0.004980
0.001697
0.005281
0.003725
0.003001
0.005480
0.002165
0.004481
0.004828
0.001811
0.005370
0.003484
0.003252
0.005434
0.001964
0.004669
0.004658
0.001976
0.005439
0.003237
0.003500
0.005367
0.001800
0.004841
0.004471
0.002178
0.005486
0.002985
0.003742
0.005281
0.001687
0.004995
0.004270
0.002405
0.005513
0.002734
0.003975
0.005174
0.001638
0.005131
0.004054
0.002647
0.005519
0.002488
0.004197
0.005047
0.001660
0.005248
0.003827
0.002897
0.005503
0.002253
0.004406
0.004902
0.001749
0.005346
0.003589
0.003149
0.005466
0.002038
0.004600
0.004739
0.001895
0.005423
0.003343
0.003400
0.005408
0.001855
0.004779
0.004558
0.002083
0.005480
0.003091
0.003645
0.005330
0.001717
0.004941
0.004362
0.002302
0.005516
0.002838
0.003883
0.005231
0.001638
0.005086
0.004152
0.002540
0.005530
0.002586
0.004110
0.005112
0.001628
0.005211
0.003928
0.002788
0.005524
0.002343
0.004325
0.004974
0.001689
0.005318
0.003692
0.003041
0.005495
0.002116
0.004526
0.004817
0.001813
0.005404
0.003448
0.003294
0.005446
0.001914
0.004713
0.004643
0.001986
0.005469
0.003196
0.003542
0.005376
0.001752
0.004882
0.004453
0.002195
0.005514
0.002941
0.003784
0.005285
0.001643
0.005034
0.004247
0.002427
0.005537
0.002685
0.004016
0.005173
0.001600
0.005168
0.004026
0.002672
0.005539
0.002434
0.004237
0.005042
0.001630
0.005282
0.003794
0.002925
0.005519
0.002195
0.004445
0.004892
0.001729
0.005377
0.003551
0.003179
0.005478
0.001977
0.004637
0.004724
0.001883
0.005451
0.003299
0.003430
0.005415
0.001791
0.004814
0.004539
0.002080
0.005504
0.003042
0.003676
0.005332
0.001652
0.004974
0.004337
0.002304
0.005535
0.002783
0.003912
0.005228
0.001575
0.005115
0.004121
0.002546
0.005545
0.002525
0.004138
0.005104
0.001571
0.005237
0.003891
0.002797
0.005534
0.002275
0.004351
0.004960
0.001639
0.005339
0.003650
0.003052
0.005500
0.002040
0.004550
0.004798
0.001772
0.005421
0.003398
0.003305
0.005446
0.001832
0.004733
0.004618
0.001953
0.005482
0.003140
0.003553
0.005370
0.001663
0.004899
0.004421
0.002168
0.005521
0.002876
0.003793
0.005273
0.001550
0.005047
0.004209
0.002404
0.005539
0.002612
0.004023
0.005155
0.001507
0.005176
0.003982
0.002653
0.005535
0.002352
0.004241
0.005018
0.001541
0.005285
0.003742
0.002906
0.005509
0.002102
0.004445
0.004861
0.001646
0.005374
0.003491
0.003160
0.005461
0.001872
0.004633
0.004686
0.001808
0.005441
0.003231
0.003410
0.005392
0.001673
0.004804
0.004493
0.002011
0.005487
0.002964
0.003652
0.005301
0.001522
0.004957
0.004284
0.002239
0.005512
0.002694
0.003885
0.005189
0.001436
0.005092
0.004060
0.002483
0.005514
0.002424
0.004105
0.005058
0.001428
0.005206
0.003822
0.002734
0.005494
0.002159
0.004312
0.004906
0.001499
0.005300
0.003571
0.002986
0.005452
0.001908
0.004503
0.004736
0.001636
0.005373
0.003310
0.003235
0.005389
0.001679
0.004678
0.004547
0.001821
0.005424
0.003040
0.003478
0.005303
0.001488
0.004834
0.004341
0.002039
0.005453
0.002764
0.003710
0.005197
0.001352
0.004971
0.004119
0.002275
0.005460
0.002486
0.003931
0.005070
0.001292
0.005088
0.003883
0.002521
0.005444
0.002207
0.004137
0.004922
0.001317
0.005185
0.003633
0.002769
0.005406
0.001935
0.004328
0.004756
0.001419
0.005259
0.003372
0.003013
0.005346
0.001677
0.004502
0.004571
0.001581
0.005312
0.003100
0.003251
0.005264
0.001443
0.004657
0.004368
0.001783
0.005342
0.002820
0.003479
0.005161
0.001251
0.004793
0.004149
0.002007
0.005350
0.002534
0.003695
0.005037
0.001123
0.004907
0.003915
0.002242
0.005336
0.002245
0.003896
0.004893
0.001080
0.005001
0.003667
0.002480
0.005298
0.001956
0.004079
0.004729
0.001130
0.005072
0.003407
0.002714
0.005239
0.001671
0.004245
0.004547
0.001256
0.005121
0.003137
0.002940
0.005157
0.001396
0.004391
0.004349
0.001433
0.005146
0.002858
0.003155
0.005054
0.001142
0.004516
0.004134
0.001637
0.005149
0.002571
0.003355
0.004932
0.000925
0.004619
0.003906
0.001853
0.005129
0.002281
0.003538
0.004789
0.000773
0.004699
0.003666
0.002070
0.005086
0.001987
0.003702
0.004630
0.000721
0.004757
0.003416
0.002281
0.005022
0.001694
0.003845
0.004454
0.000778
0.004790
0.003159
0.002480
0.004938
0.001404
0.003966
0.004266
0.000912
0.004801
0.002899
0.002662
0.004834
0.001120
0.004063
0.004066
0.001083
0.004788
0.002639
0.002825
0.004714
0.000844
0.004136
0.003861
0.001263
0.004754
0.002384
0.002965
0.004581
0.000582
0.004184
0.003654
0.001436
0.004701
0.002140
0.003081
0.004439
0.000337
0.004208
0.003453
0.001593
0.004632
0.001916
0.003169
0.004295
0.000115
0.004210
0.003265
0.001726
0.004554
0.001723
0.003231
0.004158
0.000082
0.004194
0.003102
0.001829
0.004472
0.001572
0.003266
0.004038
0.000242
0.004166
0.002977
0.001899
0.004401
0.001475
0.003279
0.003952
0.000361
0.004138
0.002904
0.001935
0.004357
0.001442
0.003279
0.003918
0.000427
0.004128
0.002900
0.001940
0.004364
0.001471
0.003283
0.003960
0.000429
0.004164
0.002976
0.001927
0.004454
0.001554
0.003324
0.004103
0.000353
0.004289
0.003142
0.001933
0.004666
0.001678
0.003456
0.004371
0.000194
0.004560
0.003398
0.002030
0.005047
0.001829
0.003760
0.004787
0.000222
0.005049
0.003739
0.002336
0.005645
0.001994
0.004340
0.005365
0.000685
0.005839
0.004146
0.002988
0.006506
0.002146
0.005314
0.006103
0.001407
0.007017
0.004557
0.004110
0.007661
0.002193
0.006811
0.006926
0.002462
0.008649
0.004719
0.005854
0.008994
0.001744
0.008930
0.007320
0.004199
0.010451
0.003251
0.008649
0.008936
0.003581
0.011370
0.001178
0.015651
0.017997
