462.208954, 0.000000
-62.995775, -27.756127
-41.073239, -46.472476
-17.152369, -52.552026
4.644621, -42.453860
13.694556, -25.910150
12.979354, -10.007357
4.186646, -1.200392
-4.610526, -0.214394
-9.057727, -5.988959
-7.454444, -12.503309
-1.333070, -14.934345
3.805362, -12.866899
6.278592, -7.696436
4.308905, -1.695313
0.312854, 0.779148
-3.847450, -1.360760
-4.378351, -5.326358
-1.846684, -9.150573
0.710882, -9.932173
3.267961, -6.331591
3.123154, -3.203768
1.663382, -0.776155
-2.404304, 0.318530
-2.714577, -2.522296
-2.708535, -4.827225
-0.987754, -6.872375
1.420651, -6.352074
2.272831, -3.273976
1.602538, -0.672548
0.237709, 0.670317
-1.557223, -1.056185
-2.120799, -2.637306
-1.256247, -5.281799
0.113433, -5.789580
1.035448, -3.282805
1.883134, -2.488145
0.268524, -0.061418
-0.633333, 0.256095
-1.628564, -1.160724
-2.629849, -2.772275
0.002442, -4.461136
0.555896, -3.952523
1.435820, -2.691198
1.097070, -0.269800
0.287291, 0.062389
-1.713289, -0.191550
-1.300362, -1.559169
-0.886486, -3.396103
-0.353960, -3.970245
0.571644, -3.227708
1.300304, -1.183386
0.618113, 0.408764
-0.625613, 0.666537
-2.021133, -0.807391
-1.292393, -1.736182
-0.065256, -3.267245
1.266018, -2.928106
1.375904, -1.930504
0.656090, -0.686007
-0.782471, -0.204498
-0.898182, 0.278448
-2.019623, -0.813654
-0.365605, -2.108483
0.843712, -2.015749
1.458917, -2.914703
0.778619, -1.038511
0.769973, -0.527563
-0.901144, 0.372193
-1.517592, -0.586348
-0.198901, -1.426038
-0.812241, -2.633201
1.129335, -1.836005
1.635575, -1.943193
0.398753, -0.872340
-0.278161, -0.293644
-1.105931, -0.399358
-1.215879, -0.578378
-0.829256, -0.869143
0.820344, -2.363550
1.331122, -2.252096
0.992108, -1.469484
0.699285, -0.292383
-1.390290, -0.421147
-0.625897, -0.143225
-1.169424, -1.193396
0.002224, -2.171971
0.680905, -1.622663
1.508119, -2.162999
0.426995, -0.914103
-0.682828, -0.679031
-0.979338, 0.129140
-1.509006, -0.433983
-0.325919, -1.148917
0.414158, -2.084812
0.672753, -2.490119
1.273488, -0.506160
-0.563954, -1.032442
-0.654112, 0.547524
-1.591672, -0.696342
-0.677688, -0.738518
-0.440996, -0.527376
1.352661, -2.205852
1.099509, -0.882403
0.689357, -1.678563
0.168115, 0.365407
-1.338403, -0.890812
-0.495655, -0.378913
-0.937822, -1.774841
0.232760, -2.111481
0.702792, -1.193052
0.740368, -1.768214
-0.329887, -0.392309
-1.046026, -0.578248
-1.155401, -0.445476
-2.800920, -1.519168
-0.074958, 0.218242
0.327017, -0.290117
0.690500, -1.523780
1.744355, 0.121158
-0.679540, -1.026494
-0.778231, -0.074936
-2.002195, -0.404703
-0.094161, -0.311919
0.537405, -1.072738
0.971779, -1.328207
0.330886, -0.392277
0.820768, -1.209993
-0.181466, -0.496854
-2.060324, -0.356033
-0.364488, -0.230400
-0.988915, -0.881616
0.883684, -1.117684
1.073576, -0.621015
1.062093, -1.682244
-0.247298, -0.023704
-1.371330, -1.098805
-1.412599, 0.034987
-0.999657, -0.294300
0.329966, -1.428803
0.502490, -0.322474
1.221409, -0.978303
0.834451, -0.615919
-1.372747, -0.972221
-0.589339, 0.309748
-2.337649, -1.062660
0.684477, -0.387763
-0.004569, -0.156808
1.399428, -1.386343
0.535564, -0.444466
0.338993, -1.698335
-1.237042, 0.181319
-2.169702, -0.364110
-0.488084, -0.543441
-0.377915, -0.068914
1.403483, -1.224516
0.405530, -0.152723
0.418025, -0.955686
0.172024, 0.298384
-1.774322, -0.864447
-0.508744, 0.217197
-0.465746, -0.550031
0.671425, -1.539822
0.964210, -0.314977
0.842673, -0.919254
-0.096137, -0.000838
-0.984304, -1.139796
-1.146719, 0.037691
-1.218895, -0.376614
0.748689, -0.632893
0.412283, -0.438280
1.531537, -0.824309
0.308460, -0.347671
-1.074354, -1.022968
0.255669, 0.376697
-1.054076, -0.880031
0.009330, -1.216019
-0.475900, -0.328340
1.339760, -1.634187
0.454587, -0.082386
-0.034219, -0.985149
-0.453616, -0.276172
-1.491634, -0.452682
-0.368310, -1.043821
-0.978312, -0.514061
0.855646, -1.178304
0.557649, -0.302271
-0.377111, -0.847545
0.073058, 0.578528
-1.100183, -0.266465
-0.630036, -0.248182
-0.487131, -0.974373
0.573835, -1.304079
0.624980, -0.293257
0.336506, -0.788358
0.368497, 0.271404
-1.773315, -1.353888
-0.423462, 0.246667
-0.764346, -0.774933
-0.070653, -0.272442
-0.032761, -0.457796
1.090822, -0.882794
0.581900, 0.146753
-0.552898, -0.447199
0.196371, -0.295436
-1.031011, -0.850498
-0.474954, -0.766684
0.107354, -1.425035
0.530009, -0.667179
0.357432, -0.401433
-0.107474, -0.667912
-0.913479, -0.191084
-0.920658, -0.403055
-0.398865, -0.897695
-1.609162, -0.929056
0.706912, -0.484541
0.288188, 0.199722
0.263759, -0.348248
-0.134983, 0.184486
-0.515469, -0.987560
-1.365391, 0.029344
-0.328881, -0.395043
0.120660, -1.182367
0.106592, -0.066823
1.076887, -0.034285
-0.346979, -0.641628
-0.192688, 0.267506
-0.296808, -0.536509
-1.182350, -0.802818
0.070917, -0.564539
0.003105, -1.022972
0.315284, -0.874415
0.861339, 0.347473
-0.615924, -0.432560
-1.414415, 0.211964
-0.528386, -0.402959
-0.379573, -1.017805
0.071426, -0.334281
0.829905, -0.490651
0.234188, -0.098271
-0.287647, 0.271897
0.680551, -0.719484
-1.055725, -0.520733
-0.690020, -0.421885
0.148806, -0.669761
0.076809, -1.765938
0.245442, -0.312935
0.281264, 0.084790
-0.675862, -0.104698
-0.701919, 0.103739
-0.516769, -0.841253
-0.395913, -0.769446
-0.049359, -0.628217
0.594849, -0.358346
-0.103222, -1.022770
0.166688, 0.508189
-0.639288, -0.194969
-1.003972, -0.495630
0.032125, 0.007927
-0.123926, -1.563452
-0.547375, -0.716078
0.227435, -0.312560
0.674491, -0.135081
-0.993008, 0.375919
-0.549394, -0.061335
-0.389843, -0.238439
-0.412552, -0.559168
0.314790, -1.011164
0.069408, -1.104703
0.271473, 0.049499
-0.242838, 0.513485
-0.320833, 0.077845
-0.995337, -0.344890
-0.231226, -0.508993
0.309228, -0.742575
-0.188430, -0.526418
0.730156, -0.648254
-0.382061, 0.182437
0.319009, 0.437973
-0.550784, 0.063482
-0.175989, -0.873952
0.010746, -0.368818
0.025049, -1.326247
0.799235, -0.486718
0.258267, -0.671177
0.210568, -1.189057
-1.234751, 0.708726
-0.336303, -0.443430
-1.196954, -0.672584
-0.894793, -1.233042
0.947238, -0.351383
0.348201, -0.036799
0.037540, 0.402005
-0.017936, -0.186668
-1.074556, -0.427879
-0.328171, -0.443687
-0.901440, -0.457923
0.655304, -0.601205
0.258648, 0.399643
1.032382, -0.774073
-0.368746, 0.052455
0.585569, -0.288414
-0.609482, -0.224341
-1.490927, -0.970887
0.297040, -0.776381
0.783131, -0.698898
0.650535, -0.323185
0.159564, 0.288870
-0.006282, -0.896889
-1.043060, -0.526727
-0.314635, -0.058545
-0.263295, -0.450930
-0.069105, -0.643225
1.478935, -1.417776
0.600741, -0.344245
-0.210789, -0.510707
-0.551569, 0.013597
-1.489203, -0.249229
0.603067, -0.917984
-0.214108, -1.218929
0.873754, -0.287052
0.761545, -1.135089
0.029684, -1.475651
-0.122231, 0.411132
-0.753298, -1.011488
-1.097809, -0.118724
-0.247753, -1.084237
0.511299, -2.346095
0.433068, -1.178958
0.363603, -0.578152
-0.483196, -0.882649
-2.232595, 0.738011
-1.209824, -0.892598
-0.268471, -0.582400
0.376609, -1.188898
1.176382, -0.414063
-0.634771, -2.565736
0.242854, 0.078019
-1.104990, 0.094531
-1.009678, -0.159865
-0.596104, 1.110867
0.189550, -2.930563
0.925836, -2.562583
1.419889, -2.160941
1.619673, -1.956389
-4.133656, -1.234299
-0.881573, 0.461132
-4.679937, -1.547038
-0.552056, -0.551657
-0.604847, -0.319299
5.930896, -10.603560
9.942946, -8.876867
-38.021087, 13.637574
0.441409, -0.390838
7.945854, 2.536378
-0.047036, 0.738525
0.305101, -1.900404
-2.425204, 3.300746
-1.397755, -0.469404
-4.160060, 3.390973
-0.191616, -0.014601
0.619119, 1.325630
1.271293, 0.496340
1.853101, 1.665729
-1.465615, -0.812925
-0.859240, -0.816429
-1.309915, 0.843120
0.067550, 0.193918
-0.021032, 1.948968
0.061835, -0.103816
0.040879, 0.265306
0.480033, -0.737407
0.649361, -0.455857
-1.880623, -0.007875
-0.535700, 0.336666
-0.778578, 0.647840
0.010774, 0.091686
0.502996, 1.038275
-0.268308, -0.678492
-0.555948, -0.052405
-0.153117, 0.507451
-0.215929, -0.175628
0.271802, 1.256309
-0.107460, 0.192643
0.397632, -0.402595
-0.347781, -0.366549
0.651746, -0.278069
-0.467837, -0.112607
-0.755463, -0.000842
0.279842, 0.526141
-0.310808, -0.830688
0.455573, 0.347849
-0.136467, 0.373207
-0.793647, -0.335684
-0.141105, -0.821469
0.150722, -0.102239
0.211338, 0.654545
-0.306949, 0.071385
-0.289116, -0.006160
-0.029726, -0.800408
0.681169, 0.040042
-0.685251, -0.319722
-1.131861, -0.041166
0.829070, -0.127712
-0.357593, -0.528820
0.666068, 0.195223
-0.617409, 0.210028
-0.208479, -0.532629
-1.001178, -0.614199
0.439263, -0.951832
-0.246119, 0.045812
-0.336175, 0.444428
-1.135492, -0.036615
-0.099865, -0.350578
-0.067011, -0.160772
-0.172539, 0.708524
-0.255605, -0.430973
-0.536259, -0.387984
0.241303, -0.272309
-0.330198, 0.308753
-0.535106, -0.200640
-0.275462, 0.170129
-0.290265, -0.031976
-0.015414, 0.330426
0.148999, -0.249925
-0.562412, -0.483545
-0.492011, 0.030046
0.377504, 0.014847
-0.448867, 0.160563
0.198247, 0.349268
-0.154712, 0.218117
-0.156508, -0.643928
-0.580816, -0.174660
0.570629, -0.716676
-0.126415, 0.366292
0.045339, 0.290906
0.154339, -0.637361
-0.796608, -0.239102
-0.460895, -0.370456
-0.592178, -0.068603
0.142638, -0.502930
0.274761, 0.407640
-0.568739, -0.099823
-0.218946, -0.030536
-0.171149, -0.073444
-0.124520, -0.169664
-0.689767, -0.077848
-0.177264, -0.676896
0.035691, 0.232419
-0.112054, 0.151259
0.099264, -0.202463
-0.822030, 0.111536
-0.054613, -0.239207
-0.680304, -0.064831
0.053556, -0.218137
-0.441873, 0.288267
0.226185, -0.238328
-0.140483, 0.553857
0.074325, -0.361481
-0.678384, -0.486507
-0.408435, 0.595283
-0.002036, 0.028964
-0.188984, 0.332970
0.079016, -0.423921
0.482027, 0.050000
0.178177, -0.100864
-0.111812, 0.402326
-0.382454, -0.849377
-0.093175, -0.323638
-0.298676, 0.139395
-0.051601, -0.487222
0.120854, 0.276780
-0.223021, -0.565954
-0.063824, -0.198237
-0.078232, -0.213207
-0.438891, -0.218669
-1.383058, 0.124851
-0.152792, -0.089786
0.295851, 0.175221
-0.107131, -0.089141
0.527287, 0.299232
-0.423452, -0.544529
-0.694048, 0.298592
-0.496787, -0.017642
-0.512446, -0.271357
0.054476, 0.558376
0.343970, 0.362510
0.484943, -0.190409
0.290237, 0.126318
-0.323038, 0.161304
-0.295711, -0.606230
-0.646897, -0.144861
0.261861, -0.429002
-0.017531, 0.727038
0.928197, 0.232432
-0.329189, -0.424544
-0.483785, -0.389196
-0.284087, -0.171190
0.384089, 0.379237
-0.394800, 0.089472
0.494363, 0.152231
-0.223353, -0.609163
0.822225, 0.464981
0.452880, -0.675862
-0.067810, -0.445115
-0.390676, -0.102206
-0.397637, -0.452310
0.419056, -0.508411
-0.462432, 0.245642
0.844521, -0.289388
-0.534957, -0.712328
0.187565, -0.381389
-0.012625, -0.268554
-0.062688, 0.228973
-0.354357, -0.531281
-0.444060, -1.161687
-0.465602, -0.637769
0.362951, -0.106390
0.100756, -0.006107
-0.903194, -0.075223
-0.927050, -0.448124
-0.601750, 0.021055
-0.041976, -0.553135
-0.338134, 0.572498
0.049855, -0.289889
-0.230387, -0.708427
0.079389, 0.556856
-0.847046, 0.282877
-1.022628, 0.301512
0.386202, -0.801035
-0.356978, 0.251344
0.054101, 0.440381
0.141814, 0.050194
-0.069063, 0.068432
0.825998, 0.444063
-0.217696, -0.120407
-0.423586, -0.590318
-0.506729, -0.147312
0.631317, -0.866542
0.638932, 0.041791
-0.308973, -0.198536
-0.174296, 0.386121
-0.730656, -0.714573
-0.003021, -0.324961
-0.372822, -0.541421
-0.972172, -0.051983
0.246741, 0.431329
0.065611, -0.402120
0.331112, 0.897643
0.126739, 0.076895
-0.020139, -0.466976
-1.166430, -0.597447
0.688541, -0.752656
-0.431229, -0.239448
-0.034467, 0.093503
0.117933, 0.897118
-0.441498, -0.599122
-0.285665, 0.070104
0.577714, -0.208229
-0.805179, -0.329548
-0.355155, -0.258819
0.453366, -0.722407
0.300082, 0.526503
-0.142736, -0.022434
-0.498715, 0.338499
-1.061127, -0.627791
0.553497, -0.240135
0.085046, -0.174249
-0.183599, -0.100213
0.046229, 0.232879
-0.358327, -0.311129
0.166427, 0.102684
0.104831, 0.786492
0.246963, -0.675678
-0.607680, -0.258878
0.430590, -1.298244
-0.136390, -0.280917
-0.054015, 0.536611
0.390948, 0.639962
-0.501543, -0.396898
0.331627, -0.853863
-0.162259, -0.995511
-0.480068, -0.625986
-0.708287, 0.047725
-0.141248, -0.329625
0.406954, 0.695784
0.363391, 0.706466
-0.010749, -0.625300
-2.320921, -4.207090
0.721069, 2.366176
-0.503600, 0.913140
-0.314636, -1.075703
0.117688, 0.445081
-0.442904, -0.777104
0.025065, 0.704042
-0.675913, -0.573203
0.197626, 0.032222
-0.807478, -0.281031
-0.086101, -0.385727
-0.224767, 0.405236
-0.003994, 0.108246
-0.031957, 0.352117
-0.754313, 0.078393
0.512254, -0.087744
-0.039271, -0.086327
0.040084, -0.976393
-0.494185, 0.098918
-0.687042, -0.328700
-0.064268, 1.082683
-0.052569, 0.765365
0.654339, 0.047167
-0.048174, -0.731036
0.266496, -0.302003
-0.097081, 0.264728
0.184878, -1.207411
0.379145, 0.752832
-0.325491, -0.213384
0.344365, -0.246273
-0.638488, -0.630351
0.092301, -0.015342
-0.503771, -0.468782
0.814272, -0.590089
-0.049491, -0.020667
-0.314954, -0.028900
-0.277690, -0.115042
-0.011788, -0.792878
-0.525861, -0.592968
-0.766719, 0.011214
-0.120668, -1.016589
-0.636452, 0.734334
0.170040, 0.302797
-0.050038, 0.479709
-0.140015, -0.391232
0.079459, -0.274940
-0.738490, -0.767245
-0.085101, -0.297339
-0.617139, -0.251465
0.056579, 0.552887
-0.758596, 0.629551
-0.036561, 0.157795
-0.018003, 0.620890
0.142731, -0.231904
0.463223, -0.540739
0.090470, -0.238815
-0.000412, -0.105966
-0.466681, 0.318162
-0.112961, 0.235557
0.299132, 0.239662
0.768609, -0.127986
-0.166290, -0.707099
-0.206662, -0.656003
0.394333, -0.227140
0.119067, 0.226577
-0.178490, -0.622132
-0.105668, -0.233810
0.024215, -0.356355
-0.321920, 0.257781
0.138630, -1.101974
-0.796694, -0.857334
-0.219761, -0.156986
0.042105, 0.632794
0.120528, 0.040862
-0.414190, 0.251431
0.049310, -0.788034
-0.582501, -1.007187
-0.007657, -0.324483
-0.498175, 0.186208
-0.204205, -0.358802
-0.480663, 0.703515
-0.062430, 0.131819
-0.149853, -0.363486
0.075210, 0.729500
0.062655, -1.546390
-0.761362, -0.514560
0.180697, 0.167432
-0.438800, 0.365300
-0.406513, 0.996862
-0.066476, -0.391364
0.449247, -0.600180
-0.404219, -0.074008
-0.001353, -0.160689
-0.704503, -0.470766
-0.140526, 0.066352
0.747594, 0.879257
-0.565166, 0.148499
0.201230, -0.043914
-0.228285, -0.963390
-0.078344, -0.694474
-0.505885, 0.234218
0.456243, -0.056661
-1.220687, 1.204866
0.471716, -0.159186
1.207520, -0.413524
-0.023153, 0.209688
-0.261362, -0.601507
-0.796704, -1.436120
-0.653701, -0.594472
0.294664, 1.376442
-0.087092, 0.165030
-0.192341, 1.165356
0.465713, -0.242042
0.611568, -1.301158
-0.806888, -0.678671
0.191406, -0.221693
-0.519524, 0.458081
0.004727, -0.021506
0.717159, 0.708326
0.114792, -0.133518
-0.129050, -0.629701
-0.581082, -0.905561
-0.200862, -1.931724
-0.029097, 1.694081
0.020818, 0.325147
-0.677441, 0.685582
0.374234, -0.014665
1.097523, -1.362204
-0.801330, -0.279851
0.119256, 0.161323
-0.626521, -0.744134
-0.284978, -0.387846
0.757211, 1.413867
0.042000, -0.583584
-1.077353, 0.475759
0.920469, -0.859357
0.052660, -1.304738
-0.525312, 0.869115
0.160586, 0.029598
-0.333016, -0.505191
-0.076482, 0.451306
1.366026, -0.250528
-0.693863, -0.709052
-0.804024, 0.319769
0.037052, -0.863873
-0.420577, -0.775276
0.924906, 1.691937
0.613676, 0.070621
-1.149837, -0.340909
0.964653, -0.482605
1.480433, -1.925044
-1.883163, 0.663674
-0.271501, 0.496966
0.576087, -1.442527
-0.035086, -0.356379
1.244700, 0.094599
-0.726038, -0.088846
-1.510729, -0.728958
0.247931, -0.709113
0.127688, -0.828249
-0.086514, 1.021203
-0.205022, 0.716804
0.016751, -2.067829
-0.058136, -0.041527
1.241025, -0.183569
-1.670495, 0.119631
-1.354998, -0.146886
0.937274, -1.012387
-0.414890, -0.831495
1.322379, 1.553657
-0.248753, -0.479963
-1.494656, -1.406565
-0.087501, 0.503242
0.415185, -1.458281
-0.923894, 0.427054
-0.490689, 1.024308
1.129191, -1.403496
-0.852982, -0.196483
1.366153, -0.349221
-1.530114, -0.500159
-2.277799, -0.467497
0.532382, 0.548907
-0.258600, -0.348054
0.488943, 1.218882
0.364404, 0.381013
-0.543784, -2.482484
-0.477345, 1.110681
0.941800, -0.316989
-1.753191, 0.168028
-1.008344, 1.140543
1.515599, -1.281843
0.366896, -0.463058
1.325841, 1.619246
-0.031186, -0.866918
-2.230523, -2.311211
0.379444, 0.647837
-0.091649, -1.064099
-1.057447, 1.254784
-0.472633, 0.978607
1.450158, -1.833218
-0.615100, 0.253525
1.041626, 0.990366
-1.010894, -0.787530
-2.493802, -0.383301
2.068833, 0.438598
0.404532, -0.876898
0.407418, 1.941915
0.485393, -0.063816
-0.563363, -3.371021
-0.120078, 0.524738
0.641605, -0.085156
-1.838279, 0.287895
-1.396194, 0.884869
2.982569, -1.436791
0.072775, -0.155174
1.081741, 0.462981
-0.596073, -1.180473
-2.646741, -2.415665
0.153907, 0.852490
0.575015, -0.196837
-1.324594, 1.232649
-0.031004, 0.951967
1.849114, -3.014999
-0.397401, 0.519187
0.876853, 0.085728
-2.318504, -1.131705
-3.117700, -0.187728
2.830191, 0.695761
0.222426, -0.511158
0.169066, 1.646786
0.326857, -0.481111
-0.867868, -3.330204
-0.424297, 1.004298
0.708016, -0.406172
-2.783155, 0.575184
-1.342819, 0.913163
4.327623, -0.968982
-1.400018, -0.329117
1.218350, 1.220581
-1.006712, -1.481495
-2.383214, -2.278349
0.787656, 1.763821
0.244379, -0.631717
-1.017815, 1.773259
0.291936, 0.594086
2.287732, -2.917334
-0.880082, 0.294654
0.181907, -0.038934
-1.902267, -0.275056
-2.842626, -0.588127
3.407627, 1.399350
0.264532, -0.410968
0.700291, 0.957617
0.267091, -0.066116
-0.049354, -4.151640
-1.130432, 1.032408
0.680949, -0.826689
-2.439439, 0.486125
-1.038129, 0.914186
4.045874, -1.443443
-0.896431, -0.308957
0.396597, 0.434275
-1.440421, -1.356029
-2.672302, -2.923044
0.596557, 2.307381
0.600434, -0.353278
-1.568871, 1.581793
0.457624, 0.538080
2.820497, -3.233495
-2.130784, 0.421145
-0.245376, 0.015813
-2.136749, -0.817221
-2.318360, -0.576221
2.983640, 2.289656
-0.053576, -0.073536
0.371890, 1.195884
0.261334, -0.804096
-0.381672, -4.620408
-1.416941, 2.294447
-0.446494, 0.435569
-1.133251, 0.429807
-0.516278, 0.837683
4.321312, -0.868366
-1.170639, -0.817845
-0.725586, 0.605634
-1.050663, -1.224673
-2.890956, -2.201415
1.316516, 3.412446
0.728415, 0.625196
0.256969, 1.188633
0.638474, 0.250445
2.708655, -3.983792
-1.657623, 0.678689
-0.150886, -0.261502
-2.183435, -0.645920
-1.818725, -0.355512
4.306346, 2.137163
0.561699, -1.201022
-0.342655, 0.396259
-0.523784, -1.641008
-1.072441, -3.898948
-0.592296, 2.359180
-0.268634, -0.120174
-1.230069, 0.309779
-0.756108, 0.615857
3.823671, -1.177364
-1.449978, -0.356680
-0.977530, 0.238305
-1.035037, -0.888317
-2.141266, -2.196982
1.329888, 3.374692
0.433663, 0.186685
-0.060846, 0.452426
0.461830, -0.071122
1.659118, -2.569887
-1.793341, 0.533098
-0.309692, 0.176777
-0.993357, -0.890155
-0.612535, -0.180237
3.000854, 1.117930
-0.491412, -0.692248
-0.734226, 0.143911
-0.596287, -0.999847
0.103121, -2.746957
-0.998285, 1.477383
0.345046, 1.308238
-0.828637, -1.193217
-0.312174, -0.243638
2.553041, -0.204968
-1.543396, -0.356955
-1.169769, 0.102229
-0.596961, -0.797672
-0.785320, -1.109500
0.982252, 1.707245
0.349569, -0.232346
-1.028226, -0.039613
0.372155, -0.005617
1.015473, -1.555198
-2.131086, 0.608758
-0.691087, 0.318771
0.589631, -0.845282
-0.077899, -0.504630
1.867747, 0.944884
-0.950359, -0.019481
-1.446425, -1.039586
-0.209367, -0.325597
-0.029532, -2.017628
-1.262181, 2.249910
0.498613, -0.020279
-0.312335, -0.207220
-0.110434, 0.303624
1.650187, 0.211064
-1.393315, -0.600197
-1.333155, 0.037702
0.732329, -0.756185
-0.122862, -0.648418
0.590910, 1.988663
0.519552, -0.566755
-1.445620, -0.499687
0.553137, 0.030472
0.462620, -1.324431
-1.053645, 0.587529
-0.273536, 0.099474
0.545589, -1.107340
-0.863146, -0.040277
1.168333, 1.354061
-0.882160, -0.406466
-0.875863, -0.125196
1.062227, -0.508104
0.241387, -1.127843
-0.613340, 0.486636
0.634655, 0.356581
-0.897270, -1.107603
-0.500746, 0.135372
0.520602, 0.105913
-0.638286, -0.444714
-0.300219, 0.784611
0.853467, -0.967460
-0.460602, -0.829486
-0.396541, 0.902716
-0.013752, -0.357526
-1.023110, 0.012144
0.229123, 0.453695
1.160548, 0.105568
-0.035362, 0.003659
-0.265359, 0.028910
0.070462, -1.745574
-0.052436, -0.339679
-0.109188, 1.089734
0.736333, 0.065258
-0.534290, 0.206868
0.074963, -0.745214
0.842907, -0.803916
-0.530943, -0.792217
0.569014, -0.583743
-0.642952, -0.793417
-0.326166, 0.744866
-0.815132, 1.491448
0.455249, -0.985039
0.610411, -0.082281
1.274231, -1.914885
0.715538, -1.216194
-1.809660, -0.798867
-0.666475, 0.149788
-1.947051, -0.094388
0.097452, 0.286640
0.796259, 1.300275
-0.297988, -1.370542
1.006146, -0.951590
-0.531487, -1.221707
-0.339814, -0.011864
-1.914772, 1.141998
-0.133580, -0.189851
-0.475795, 0.826505
1.165235, -0.646359
1.286869, -0.761751
-1.293851, -1.157118
0.409265, -0.424330
-2.114554, 0.594339
0.341385, 0.484770
-1.249938, 1.327159
1.654051, -1.205088
0.652728, -0.075864
0.306958, -2.106907
0.400943, 0.251012
-2.704308, -0.434063
-0.318934, 0.054198
-1.056937, 1.279687
0.913570, 0.155797
1.701431, 1.167789
0.287472, -2.879628
0.278236, -0.536286
-1.338016, -1.318476
-0.807226, 0.351777
-1.893383, 1.640780
1.149097, 0.042368
0.378700, 1.311496
1.016062, -2.090194
1.435667, -0.752841
-1.761928, -2.132631
0.185590, 0.637848
-2.860413, 0.835696
0.266407, 0.893008
0.170499, 1.246888
2.119414, -1.724547
1.131989, -0.154848
-0.630075, -2.317956
0.428411, 0.183467
-3.276789, -0.578592
0.916396, 0.985652
-0.818960, 1.363039
1.381026, -1.593096
1.248669, 0.359107
0.043938, -3.371933
0.146017, -0.122779
-2.826773, 0.032364
-0.614212, 0.412478
-2.341693, 1.224548
2.880553, -0.154006
1.000501, 1.105465
0.640732, -2.249941
0.911274, -0.340587
-2.448137, -3.179356
0.075249, 0.655920
-3.150963, 2.146631
1.119270, 0.097462
-0.311673, 1.468667
3.101678, -2.058149
1.980685, 0.114284
-1.956840, -2.800542
-0.103040, -0.463686
-3.789802, -0.820103
0.811754, 1.139370
-0.703652, 2.681458
2.181047, -1.268384
1.387900, 0.554649
0.494036, -4.703184
0.586137, -0.065949
-4.258588, -0.095946
0.123762, 0.057289
-2.646170, 1.692661
3.309724, -0.316546
2.117710, 1.545852
0.144733, -4.011056
0.975152, -0.535065
-3.435500, -3.013254
0.502534, 0.415506
-3.146428, 2.596609
1.501368, -1.256401
-0.629195, 1.455765
2.956964, -2.805986
2.679008, -0.749742
-3.311710, -2.786215
-0.837233, -0.792810
-3.779555, 0.303457
0.536645, -1.306753
-0.892108, 2.981994
1.340365, -4.151086
0.349489, 1.580907
0.173859, -2.730758
1.068862, 1.326334
-6.863356, -2.086440
-4.331865, -11.451457
-1.132592, 13.197195
1.457045, 3.497394
2.178247, -0.203462
-0.658557, -3.907869
-0.822033, -0.830991
-2.781929, -0.856447
-1.439972, 1.112734
-1.900252, 4.872794
2.512258, 0.521239
1.125325, 1.383260
1.773191, -2.459860
1.057385, -0.735487
-3.386506, -2.868199
-0.245488, 0.885180
-2.548883, 1.819050
1.044870, 1.046545
0.355143, 2.596337
1.987870, -3.270475
0.628495, -0.105539
-1.017065, -2.315130
-1.217508, -0.118913
-4.169786, 0.881034
1.270079, 1.606139
-0.740713, 1.985996
2.151193, 0.325040
1.624329, 0.330494
-0.827365, -3.917486
0.121859, 1.145664
-2.065751, -0.652897
-0.388061, 1.710734
-1.290978, 2.049792
2.650200, -1.096815
0.914079, 0.710930
1.557332, -2.078886
-0.506339, -0.346871
-3.108982, -1.719065
0.034121, 1.134645
-1.145331, 1.680540
1.363209, 1.154267
1.431087, 1.350746
1.635609, -3.729683
0.565743, 0.048206
-0.811528, -2.168580
-1.305366, 0.274714
-3.092919, 0.356043
1.861710, 0.738964
-0.090804, 1.438391
1.979801, -1.029583
0.329347, 0.068769
-0.107400, -3.616969
-0.396261, 0.606476
-2.198673, -0.807321
-0.292887, 1.141568
-1.388729, 1.276277
2.264232, -1.334118
0.156528, 0.476483
0.546775, -1.277703
-0.734260, -0.051991
-2.284831, -1.806663
0.504831, 1.107522
-1.490243, 1.359341
0.784541, 0.619006
-0.146744, 1.054891
2.212263, -2.275656
0.521096, 0.490903
-0.768612, -1.165137
-0.331209, 0.345290
-1.243274, -0.541205
0.928694, 0.483759
0.228155, 0.112621
0.471934, -1.412590
0.283546, -0.037937
-0.630445, -2.433402
-0.813264, 1.329988
-0.878380, 0.864162
-0.022202, -0.440080
-0.375039, -0.033402
1.331806, -0.891357
0.664708, 0.318716
-0.945454, -0.825851
-0.042097, -0.161641
-0.994163, -1.245498
-0.083186, 0.876868
-0.391604, 0.707294
-0.226253, -0.607454
0.489939, -0.093432
1.009213, -1.065061
-0.212551, 0.139952
-0.738814, 0.014504
0.083276, -0.494214
-0.698328, -0.718663
-0.498763, -0.161114
-0.238100, 0.247015
-0.045683, -0.333618
0.679097, 0.004375
-0.012133, -0.218377
-0.246576, 0.146119
-0.793773, 0.293457
-0.357949, -0.600679
0.139374, -0.869033
0.537405, 0.451039
0.517742, -0.026014
0.239274, -0.181145
-0.147467, -0.541111
-0.267188, -0.300412
-0.319175, -0.749966
-0.797003, -0.925689
-0.072335, 0.175668
-0.161483, -0.747169
1.088318, 0.995453
-0.524507, -0.262609
-0.279084, -0.354339
-0.773190, -0.517051
0.679090, -1.369757
-0.983769, -0.000359
-0.261259, -0.400905
-0.138072, 0.331111
0.232694, -0.363559
-0.221613, 1.278224
-0.288377, -0.588437
-0.630264, -1.579153
0.087342, 0.012284
-0.073253, -0.834823
-0.769227, 1.449156
0.474322, 0.148292
0.815424, 0.316280
-0.574752, -0.781331
1.416214, -0.870273
-1.497553, -0.823883
-0.402558, -0.830413
-0.417917, -0.130115
0.329569, -0.376675
0.104458, 2.537554
-0.093719, -1.011973
0.119042, -0.936653
-0.243596, -0.943656
1.394561, -1.056557
-1.649011, 0.108024
0.304565, -0.642631
-1.253368, -0.143994
0.205592, -0.013047
0.620471, 1.218277
-0.409833, -1.555947
0.422519, -0.986412
-0.551249, -1.060358
0.367970, -1.193051
-2.488028, 0.832111
0.015256, 0.264003
-0.132739, 0.319513
0.326005, -0.563187
1.695049, 0.164791
-2.039309, -1.372421
-0.040296, -0.883889
-0.506914, -0.767813
0.202271, -0.536442
-0.985405, 1.580044
-0.428296, -0.603970
0.263114, 0.289300
-0.141341, -1.762079
0.695788, -1.167291
-2.676359, -0.629882
-0.094715, -0.513916
-1.137080, 0.933254
-0.582839, 0.159872
-0.437634, 2.212600
0.007525, -1.540625
0.136831, -1.049585
-0.683774, -0.231088
0.443946, -0.717988
-2.538127, 2.098892
0.287087, -0.021122
0.133963, 0.733294
0.477868, -0.050970
0.681647, 0.403424
-0.887138, -2.258987
-0.211337, -0.491429
-0.144695, 0.868310
-0.225445, -0.012105
-1.031490, 2.033048
0.170032, -0.831333
0.869578, -1.046196
-0.451363, -0.032885
1.057509, -0.075707
-1.951242, -0.799409
-0.116836, 0.572583
0.822549, 0.558744
-0.476888, 0.150835
0.027119, 1.412588
0.215503, -2.385454
0.676557, -1.190264
-0.175043, 0.615968
0.539740, 0.339011
-2.309558, -0.060967
0.864760, -0.284012
0.839076, -0.700079
-0.344301, 0.321630
0.048638, -0.032015
-0.579969, -1.899549
-0.315145, -0.205682
0.622712, 0.575585
-0.685162, -0.858333
-1.745808, 1.669189
1.146647, -0.737979
0.006409, -0.843655
0.107878, 0.865150
0.696641, -0.596891
-1.231960, -1.341930
0.428140, 0.400195
1.205970, 0.445697
-1.044189, -0.861420
-0.429623, 1.075699
0.169280, -2.630065
-0.030266, -1.054241
0.329830, 0.531884
0.235208, -0.142831
-2.337241, -0.615119
0.326227, -0.106777
-0.098250, 0.158174
-1.004455, 0.070405
-0.059981, -0.128764
0.798982, -1.606053
0.528306, 0.071026
-0.529997, 0.440208
-0.966865, -0.531986
-1.727729, 1.207863
0.831700, -1.447906
0.677061, -0.555925
0.141070, 0.067322
0.853888, 0.145954
-1.232568, -1.920409
-0.271737, -0.103818
-1.195207, 0.345079
-0.489204, 0.189406
-1.181997, -0.597519
2.659177, -2.189631
1.557773, -0.974878
-7.710832, 1.658469
1.538123, 0.143593
0.283642, -0.310049
-0.377672, 0.082052
0.384627, 0.269897
-1.603496, 0.155907
-1.161880, -0.158182
1.219627, -0.126815
-0.365433, 0.717016
0.529985, 0.914587
-0.813768, -0.405905
-0.980158, -0.489736
0.393263, -0.271580
0.291094, -0.115626
-0.658699, 1.329606
0.368413, 0.436013
0.052747, -0.798362
0.377568, 0.081693
0.563474, -0.206086
-0.857154, -0.165445
-1.578679, -0.295016
1.151842, 0.030614
0.445232, 0.578294
0.841480, 1.129398
0.526527, -0.815265
-0.052711, -2.918722
-0.759196, 0.697171
-0.534253, -0.600099
-1.173350, 0.732073
-0.225770, -0.504214
1.676568, 0.135039
0.284915, 0.093579
0.212352, -0.414635
-1.212989, -0.870355
-1.694415, -1.774973
-0.151331, 0.979598
-0.779141, 0.367715
0.717673, 1.880965
0.175520, 0.083176
2.137051, -0.840908
-0.623932, -0.764114
-0.372033, -1.103111
-1.769431, -0.425685
-1.400672, 0.155070
1.593452, 1.027362
0.004399, 0.520549
0.799350, 0.327705
-0.399543, -0.366017
1.025308, -1.351698
-1.759073, -0.139782
-0.634174, -0.054774
0.137907, 0.498507
-0.159188, 0.572536
2.498247, 0.965646
0.014484, -0.217236
0.119423, -1.058956
-0.749050, -0.387353
0.922704, -1.611955
-0.531077, 0.424922
0.440263, 0.624668
0.744533, -0.855781
0.146454, -0.239381
0.911688, -1.562004
-1.103005, -0.460144
-1.672347, -0.851296
0.277438, -0.161768
-0.898271, -0.491516
1.093308, 1.232396
-0.012927, 0.675035
0.531767, -1.260699
-0.468789, -0.415575
1.127027, -1.724371
-1.709803, 0.152990
-0.412078, -0.149750
0.135825, -0.322617
0.020048, -0.558092
0.564183, 1.020031
-0.380987, -0.621361
-0.275485, -1.213996
0.055975, -0.432715
-0.203410, -0.588664
-1.181668, 0.126618
-0.944310, 0.104604
1.341572, -0.394245
-0.481080, 0.385794
1.357431, 0.501546
-0.874853, -0.686241
-0.779003, -1.232220
-0.126001, -0.299492
0.506846, -0.668877
-0.346518, 0.651349
0.304567, 0.135514
0.037776, -0.612949
-0.249423, -0.276889
0.461226, -0.345707
-1.486129, -0.942557
-0.685896, -0.456938
1.012354, 0.197277
0.462155, -0.094100
0.110007, 1.812915
0.237463, -1.169188
0.270884, -1.997285
-0.325327, -0.464366
0.489825, -0.863838
-1.746080, -0.966589
-0.295390, -0.484791
1.312132, -0.415700
-1.145377, 0.478374
-1.118917, 1.076485
-0.858065, -1.913251
-0.668578, -1.641898
1.031279, 0.776576
0.552188, -0.092142
-2.223408, 1.289311
0.024314, -0.193811
0.726356, -1.462189
-0.965705, 0.746645
1.196476, 0.876103
-0.884101, -2.465394
-0.789284, -0.245533
2.105130, -0.268183
-0.729429, -0.104903
-3.021315, 1.587821
0.659111, -1.332450
-0.220442, -1.275127
0.861586, 1.582608
0.751864, 0.223693
-1.526339, -1.509057
-0.499683, 0.373345
1.870075, -1.232376
-0.627236, 1.128870
-1.232378, 1.555225
0.252327, -2.736479
0.126743, -0.737476
2.240111, 0.425123
0.522803, -0.611756
-4.098148, -1.194833
0.924212, -0.031945
-0.358339, -1.583958
-0.356092, 2.078603
-0.124709, 1.549370
-0.186302, -3.629600
-0.237724, -0.207961
1.818972, 0.118766
-1.038105, 0.400209
-3.021241, 0.479693
1.213485, -0.592048
-0.886907, -1.100290
1.468607, 1.536460
0.766424, 0.635618
-1.636382, -3.082945
0.220308, 0.472424
1.237316, -0.078483
-1.809482, 1.056396
-1.215204, 2.326110
1.825693, -4.290127
0.631981, -0.327170
1.674844, 1.050793
0.124540, -0.208562
-4.502742, -2.311093
1.892141, 0.591988
1.209237, -0.885445
-1.251942, 1.286161
-0.891799, 0.584336
1.152548, -4.752153
0.296608, -0.410628
0.434735, 1.370322
-2.024044, -0.128214
-4.708158, 0.042772
2.438252, -0.230957
1.214018, -1.347535
-0.358231, 2.433270
0.381191, 0.113552
-2.083700, -3.226619
0.895451, 1.091759
0.962691, 0.884088
-1.432073, 0.492601
-2.442963, 1.996925
3.532719, -4.548886
1.064270, -0.417480
0.807840, 2.298374
-0.800734, -0.207076
-4.188395, -3.030722
1.730174, 1.152710
2.003314, -1.165478
-1.465709, 1.742491
-0.257139, 1.217383
1.340200, -4.827644
-0.584543, -0.034832
1.894444, 1.661532
-1.748262, -0.571249
-4.242750, -0.682233
2.906771, -0.856725
1.393044, -1.108211
-0.715087, 2.119848
0.407129, 0.403300
-1.659771, -4.794699
0.561433, 1.315482
1.432965, 0.221195
-2.706923, 0.153264
-3.062852, 0.513120
3.738779, -2.960833
0.654578, -0.162461
0.650968, 2.659329
-1.249541, -0.872442
-4.264280, -3.050553
2.272300, 0.922739
1.675248, -0.694459
-2.558146, 2.079235
-0.460356, 0.736452
2.664231, -3.770925
-0.057110, 0.618007
1.207646, 1.203856
-2.458095, -1.409948
-2.992958, -1.722671
2.992994, -0.979019
0.676686, -0.236542
-1.719932, 2.363186
-0.647686, -0.066848
-0.865383, -4.469869
0.482106, 1.296697
1.273366, 1.589029
-3.064490, -0.595513
-3.106767, 0.749259
4.527749, -2.461748
0.073179, 0.221116
0.218486, 4.132163
-1.361127, -1.240355
-1.274470, -3.355723
2.073425, 0.016604
1.499726, 0.311146
-3.650503, 0.677222
-0.572759, 0.403302
2.651818, -3.133830
-0.029580, 1.509351
0.913319, 2.708894
-2.028746, -3.349422
-2.168854, -1.705479
3.099975, -0.200939
1.401978, -0.537444
-4.164602, 2.763724
-0.188556, -0.530163
-0.187260, -3.940194
1.361353, 2.730707
2.088959, 3.001286
-2.914203, -2.625608
-1.602960, -1.136740
4.188740, -1.853031
-0.203189, 0.283952
-0.946935, 4.596635
-0.597887, -2.429074
-0.221872, -3.216550
1.589235, 0.408607
2.339963, -0.120635
-4.801095, -0.668750
-0.368821, 0.536228
2.176496, -3.124345
-0.043764, 2.093168
1.055155, 3.484432
-1.771375, -3.442593
-1.019610, -3.416731
2.841480, -0.067883
0.493052, -1.388578
-4.574986, 3.925186
0.407246, -1.089681
0.919001, -3.012303
0.553010, 1.628787
2.318206, 1.266905
-4.540476, -3.275998
-1.583588, -0.520891
3.566813, -1.226463
-0.922905, 1.388929
-0.766157, 5.196404
-0.235031, -3.026834
0.243207, -3.316022
1.006139, 0.508015
1.250776, -0.527518
-3.888872, 0.899401
-0.181706, 0.176847
2.726820, -0.181903
-0.071088, 0.718577
1.658735, 2.769213
-1.506397, -4.617135
0.053832, -1.716930
2.368200, -0.803530
0.318980, 0.221556
-3.039651, 2.822772
1.293409, -1.070834
1.143999, -3.918324
0.756623, 0.877273
1.446325, -0.443095
-4.570198, -2.941530
-0.040790, -1.013411
2.108803, 0.902350
-0.649771, 0.659648
-0.826604, 3.250448
0.448227, -3.549929
1.504568, -3.508844
0.621536, 0.288300
0.602144, -1.377668
-4.919134, -0.484506
0.607207, -0.466745
1.177607, -0.603794
-0.660174, 0.833134
0.840431, 2.839383
-1.733420, -5.763993
0.025861, -2.999413
0.936612, 1.197240
-0.975856, -0.327472
-4.597880, 2.774284
1.315805, -1.094804
0.992441, -0.686151
0.487639, 0.396803
0.829889, 0.477553
-2.908180, -4.346018
-0.252159, -0.213392
2.946037, 1.774661
-1.575178, 0.323655
-2.758071, 3.494747
0.943475, -4.242004
0.859597, -3.294435
1.686893, 1.142261
1.530257, -0.319019
-5.600470, -0.088844
-0.221252, -0.333720
0.394269, -0.486552
0.106070, 1.189842
0.224185, 1.861995
0.296233, -3.869441
-0.355111, -1.634551
2.787126, 1.384248
-1.640225, 0.356477
-3.803158, 1.788695
1.592407, -1.893653
2.285650, -2.249152
0.273775, 0.432518
1.904792, 0.186247
-3.424277, -2.977374
0.249985, 0.283415
0.581946, -0.691007
-1.379875, 0.303919
-0.097374, 0.851357
0.220763, -3.157335
1.121659, -2.298230
-1.158425, 1.316641
0.251465, 0.035557
-4.030687, -0.543457
0.902820, -0.113397
1.644457, -1.851963
-0.933439, 1.237482
0.647836, 0.988717
-1.551184, -3.064733
-0.713612, -0.873331
2.023561, 0.293255
-0.600807, -0.189398
-2.280746, 0.284153
0.512135, -1.813597
-0.816604, -1.722340
-1.077816, 2.008711
-0.381695, -0.636373
-0.815432, 0.011178
0.208874, 0.282844
2.690810, 0.876668
-1.511388, -0.937248
-1.621453, 0.996556
0.921590, -2.013713
-0.456416, -0.550508
3.076029, 0.582198
0.023345, -0.241162
-0.747449, -0.679850
0.017880, -0.562018
0.527777, -3.958442
-1.444524, 1.312894
-0.829875, -0.187645
0.791802, -1.743639
0.032093, -0.820057
1.983905, -0.419318
-1.970533, -0.394157
-2.428517, -1.430249
-0.269463, -1.316320
-1.154670, -1.868887
-0.533702, 2.522611
0.915215, 0.780081
-0.189561, -2.519711
0.361085, 0.107291
0.186844, -2.374290
-3.063848, 0.687127
-2.445021, -0.546047
0.553223, -0.295354
-0.828576, -0.979309
2.166764, 2.107832
0.004395, 0.197688
-2.372674, -2.450304
-0.943868, -0.174475
-1.951169, -1.825196
-1.348347, 4.195460
-0.338912, 1.026989
2.431452, 0.060797
0.520478, 0.838904
5.567972, -0.218608
-1.998481, -1.060101
-2.019012, -3.605180
-0.844352, -0.190467
-1.722565, -2.151524
2.324741, 3.044103
1.313710, -0.442317
0.510578, -1.007823
-1.698045, -1.234616
-0.877321, -3.708088
-2.323703, 0.883071
-2.636062, -0.857575
0.778221, 3.306690
-0.744568, -0.450629
4.754363, 1.529199
-1.037040, 0.082934
-0.326233, -2.509480
-1.846990, -1.221859
-0.384237, -3.862042
-1.755790, 4.513416
-0.712983, 0.421793
2.550076, 2.457744
0.133370, 0.131089
5.222148, -2.269480
-3.104937, -1.532262
-0.274137, -3.646665
-2.117615, 1.625229
-1.165225, -0.916587
1.884526, 2.492441
0.947283, 0.243263
3.352811, -1.168201
-1.930232, -1.368385
-0.200733, -6.317025
-3.259021, 2.723937
-2.098300, -1.250893
0.239521, 4.479823
0.105287, -0.051110
7.937455, 0.081049
-2.113169, -1.656899
1.848660, -4.102594
-4.646745, -1.785734
-2.394720, -3.844212
-1.556423, 4.345441
-0.655544, 0.174983
4.128920, 3.376070
-0.836688, -1.315067
3.202878, -1.674817
-3.024858, -2.155339
-1.897739, -3.350254
-1.293270, 3.540736
-1.652276, -0.393628
5.960349, 2.850447
-0.053411, -0.234661
3.536840, -2.581693
-3.529264, -2.173138
-1.681331, -6.784582
-2.801910, 4.936124
-1.584441, -0.531151
2.893572, 4.332412
0.711092, -0.424689
6.754227, -0.206373
-2.659952, -2.837831
0.061050, -5.865275
-3.809345, 0.241203
-0.823908, -2.403577
-0.482546, 4.536897
0.728639, -0.102543
4.812447, -0.122219
-4.098607, -3.009975
2.095727, -3.842278
-3.675137, 1.428517
-3.535762, -2.277846
-0.075466, 4.008837
-0.917784, -0.035010
7.522610, 3.587189
-1.173942, -1.611173
3.631581, -2.810429
-4.499092, -3.313224
-0.500392, -4.424550
-2.514494, 4.540378
-0.883219, -0.586507
3.008436, 4.134262
0.250154, -0.863352
8.484091, -2.296520
-3.957044, -2.419933
-0.586985, -4.770536
-4.045181, -0.263301
-0.691094, -3.743106
0.644896, 5.016003
0.537043, -0.872683
2.596893, 2.145142
-1.118026, -2.773667
0.625226, -5.687377
-3.640872, 0.451980
-0.501081, -1.716295
-1.585166, 3.737315
-0.451101, 0.249167
9.001656, -0.780386
-2.195874, -1.427208
1.207853, -2.873914
-5.587586, -4.006975
-0.886377, -7.942235
-4.026242, 6.145911
-0.321883, -1.761239
-1.292712, 6.624313
0.491436, -1.393089
2.191036, -0.496530
-2.095169, -1.112216
-0.592369, -2.015350
-2.369140, 1.817333
-1.072906, 1.027767
6.326106, 2.497984
0.339811, -0.203475
3.894008, 1.122261
-2.192029, -4.332868
1.010586, -7.817435
-3.761340, 1.820526
-0.265558, -1.573770
-1.903093, 4.308418
0.731932, -0.641798
5.355228, 0.907672
-1.777666, -2.018755
1.416961, -2.022624
-3.973234, -2.465232
-1.684578, -3.176638
1.533479, 4.072064
0.403861, 0.680744
4.503286, 2.743450
-0.597798, -2.678829
3.180756, -5.291392
-4.302833, -1.694622
0.075617, -3.146564
-1.598324, 0.945354
0.849097, -0.522169
2.533165, 0.872419
-0.572553, -1.113108
1.488789, -3.591179
-3.455315, -2.319006
-3.276879, -5.627301
-1.716179, 3.890323
-0.716330, -0.160364
1.000498, 2.649556
0.814070, -0.574488
5.114978, -0.597761
-3.598733, -2.209696
-1.843372, -3.561273
-2.323655, -1.617692
-0.022000, -2.433230
0.567529, 4.429076
-0.357053, 0.135763
2.114161, 0.675357
-1.205240, -2.262006
-0.075354, -3.486512
-2.337441, -0.473529
-1.165397, -1.097522
0.066170, 1.713890
-0.340963, 0.307091
6.801873, 0.974008
-1.612531, -1.740247
-1.658018, -0.684014
-1.822509, -3.959359
-0.304128, -4.421967
0.543861, 2.618344
1.650442, -0.711097
-1.783034, 0.510283
-0.286862, -0.046465
2.040415, -1.159330
-2.181610, -1.767970
0.065087, -1.534154
-1.150757, -3.197460
0.750962, -2.379126
1.227972, 3.015079
0.748517, -0.349001
-3.736201, 0.107955
-0.389008, -2.212669
-0.472786, -5.262839
0.407656, 2.157298
1.583173, 0.039957
-2.358475, -1.468091
1.046947, -0.239627
2.989197, -1.796130
-2.771406, -0.740146
-2.566825, 0.231999
-0.818761, -3.967196
-0.222274, -3.232756
1.622944, 2.287126
1.014170, -0.226309
-3.557884, 0.102419
-0.293416, -0.929058
-0.212628, -0.738659
-0.241792, -0.809447
-0.370821, 0.456846
0.686171, -2.494723
-0.006336, -0.188536
4.443519, -1.684722
-0.958356, 0.471614
-2.031228, 0.592945
-2.036413, -2.564767
-1.582229, -3.614167
2.277793, -1.054168
2.381533, -0.748955
-0.076149, 1.520553
0.240667, 0.707564
1.559970, -3.790400
-2.438302, -1.969763
-2.295962, -3.408461
0.281213, -2.294155
-0.584688, -2.334430
1.854370, 1.552601
-0.309414, -0.211106
-1.836799, -0.064413
-0.967350, -0.298660
-2.366325, -4.023198
0.898893, -1.254217
0.832596, -1.707624
0.648360, 1.177898
1.273179, 0.161393
0.726797, -3.464373
-1.431327, -0.115243
-1.036255, -3.684768
-3.404151, -1.264497
-1.733886, -4.355121
1.353305, 2.208326
0.237913, 0.360552
0.029040, -0.064797
-0.921001, 0.184663
1.824905, 1.147425
-1.966703, -2.365284
-0.927496, -0.734050
2.859701, -4.419285
1.829994, -1.777987
3.478914, 0.349419
-0.302158, 0.349992
-3.660752, -3.362268
-1.715252, -0.189523
-1.961269, -2.597974
5.530094, -1.397447
3.968265, -0.447027
0.438390, -7.249530
0.949830, -0.908741
0.328347, -4.805053
-4.739341, 0.358855
-8.491781, -2.276978
2.343541, -4.207024
2.533791, -7.074839
1.515845, 3.596777
1.604114, -0.083989
-11.844830, -4.467203
0.127907, 1.114711
-3.233660, 1.993163
3.382273, 0.595320
0.985281, 4.724216
6.943659, -10.078301
2.328946, -0.960611
3.563395, -8.826727
-2.776598, 1.447373
-11.405670, 2.605648
0.669975, -4.522364
0.980783, -7.513149
4.746397, 1.357459
4.051081, -0.167022
-5.331546, -5.650957
-1.035485, 0.148032
1.620542, -2.475865
-3.330398, 0.845817
-2.023386, 4.034137
3.598990, -11.901909
3.423533, -4.973309
4.478984, -5.469639
1.318191, -0.594853
-11.810889, 8.772033
0.631555, -3.823781
0.105243, -6.239170
6.326825, -4.167004
8.852645, -1.926486
-2.850697, -11.313685
1.487193, -2.062656
2.009717, -5.668104
-3.643301, 0.294669
2.172424, 5.318001
-5.558033, -17.866741
1.831652, -17.008959
0.659538, -8.420032
3.951968, -7.226762
-10.752024, 17.293420
-1.856985, -1.498667
-1.649149, -4.299343
1.760827, -10.347104
16.118397, -9.699324
-9.703043, -21.266238
5.861144, -10.390877
-8.545874, -4.129866
-1.386047, 0.918517
8.597013, 22.979582
-10.065122, -23.527781
4.585225, -29.492344
1.022589, -37.728398
27.266462, -35.236688
-39.465503, -2.589042
4.028786, -2.822040
-57.159931, 4.806991
-3.771721, -1.218823
-12.655974, 18.549687
15.133686, -149.224095
107.427802, -239.419440
-339.981638, 334.670047
-55.731731, 24.064277
81.933568, -18.549488
3.594870, 3.803585
-3.896685, -28.614732
-8.338330, 45.244117
-19.389645, 1.770489
-30.311833, 63.492006
-20.277620, 9.859418
3.782520, 12.832291
7.122847, 0.846470
37.544500, 12.579423
-7.815740, 3.671834
-9.224751, 0.579923
-9.365330, 20.450551
-12.583482, 3.532469
7.096695, 23.538403
0.922516, -0.012813
8.980248, -1.007040
5.161609, -0.291938
11.295768, -5.238528
-15.118639, 15.922901
-10.110306, 5.020950
-8.903288, 10.732506
-2.331225, 0.918952
17.667372, 4.774824
0.075923, 1.307090
-0.828823, 5.527501
-0.823870, 5.697158
-6.839198, 3.164294
6.022066, 11.787117
-1.334551, 2.511261
1.842144, 0.909732
1.946819, -2.216843
8.851181, -8.660159
-4.111568, 9.813260
-5.467148, 5.986606
-3.723613, 7.221411
-4.559210, 3.180916
10.490955, -3.223907
-0.052757, 0.408729
0.917116, 5.479987
-0.683031, -0.199349
-4.315860, -0.599195
4.095774, 7.720577
1.026047, 3.258579
-5.642692, 3.613278
0.022901, -0.414956
4.972460, -10.039510
-0.966824, 6.404885
-3.893844, 7.951154
1.777633, 4.971729
-4.009937, 5.325748
10.011338, -2.122616
0.176011, 0.317198
1.362408, -2.219488
-1.198610, -0.985030
-5.383295, -7.626690
3.965433, 8.476240
2.964485, 2.131114
-10.839490, 4.094960
-1.867685, 0.326295
-1.224232, -7.352964
1.866626, 3.818371
-1.306980, 6.876303
0.400912, 3.070367
-3.767747, 3.807251
4.010039, 2.943572
-0.838261, 1.262660
-1.771743, -0.660037
0.025700, 0.787528
-0.595245, 1.256579
3.750359, 3.181004
3.252732, 5.907993
-2.127563, 0.173286
-2.040804, 1.570664
1.258732, -2.683269
-0.280860, -0.176447
3.667898, 5.420985
0.893077, -1.188011
1.018192, 1.584372
0.638453, -1.376359
1.107103, 0.295159
-5.604067, -2.315430
-0.782510, 0.109263
-2.061650, 3.112810
1.198749, 0.789117
-1.008997, 4.890275
3.638727, -0.061506
1.779985, 0.514070
-1.953315, 0.618295
-0.370177, 0.116511
-4.010437, -2.051301
1.128346, 0.794840
1.303541, 2.613823
0.485534, 1.374899
1.883901, 2.655445
-3.300340, -2.005525
-0.103284, 0.294667
-3.413553, 0.379360
0.706497, 0.702587
-3.244789, 4.829999
4.806605, 0.583101
2.852598, 1.025644
-0.263257, 2.675748
0.249575, 1.521387
-3.911993, -4.649440
0.448646, 0.526446
2.440330, 0.191454
0.182362, 1.932224
-1.390713, 5.918963
2.350974, -2.251404
-0.133209, 0.905489
2.356193, -1.661774
0.221109, -0.552817
-2.524728, -2.264446
-0.276400, 0.719239
-0.904429, -0.946141
1.181038, 2.960054
1.186356, 3.484481
-2.750498, -4.670792
-0.911099, 0.065369
0.704762, -2.860496
-1.203344, 1.066524
-5.783614, 5.025839
2.887491, -0.695111
-0.405724, 0.559996
2.846975, 2.448083
0.891281, 0.670615
-5.336967, -3.952775
-0.540583, 1.325878
-0.528391, -3.051255
0.161370, 4.231624
-0.567444, 3.851311
0.236422, 0.557794
-0.882735, 0.557552
1.347303, -2.354331
-0.279797, 0.309607
-3.111196, -1.420029
0.133831, 1.828766
-1.945580, 0.504817
1.579567, 3.675333
0.576592, 2.556475
-2.028327, -3.333045
-1.030654, 0.307990
-1.794621, -0.878033
0.423058, 2.856417
-0.566953, 5.193784
2.984870, -0.723154
1.104608, 2.086281
-0.332910, -1.517886
0.032183, -0.354954
-0.449691, -4.039834
-0.974965, 1.504270
-1.064328, 2.848983
0.293828, -0.620651
-0.431160, 0.953231
0.063158, 0.599150
-0.447235, 0.880367
-1.905716, -2.066263
-0.104233, 0.687646
-0.194609, 1.415962
1.003300, 1.151226
0.136963, 1.423523
-0.306530, -0.984271
0.380535, -0.284541
-2.434139, -4.325399
-0.885095, 1.204266
-4.442794, 3.374101
0.552297, 0.277493
-2.645024, 0.113937
1.672532, 4.097961
0.000790, 1.134557
-1.108450, 1.983282
-0.599814, -0.235425
-0.242889, 0.720037
0.689791, 0.416718
1.495833, 2.345132
-0.241724, 0.263899
-0.883041, 2.567343
0.075060, 0.219999
0.272954, -0.590923
1.462771, 2.605400
0.344576, -0.898849
0.312691, -0.821158
0.406350, 1.647403
0.513091, -0.254286
-1.410989, 1.462597
-0.405307, -0.200680
0.428568, 1.225396
0.354431, -0.298989
2.339193, 0.210067
-0.280258, 0.189225
-1.492604, 1.832767
2.369338, -1.045518
0.748182, 0.571413
0.143192, -1.006535
0.228218, -0.354425
1.736728, -3.380012
-2.564497, -0.328524
-0.743568, -3.527135
-2.893860, 2.297830
-1.416222, -1.972611
-5.924306, 5.047694
-0.210208, 0.387726
1.339360, 1.608864
0.826301, 1.401142
-0.511871, 3.981750
1.053338, -0.727990
-0.680822, -0.418812
1.202433, 2.406874
0.365617, 0.607668
2.089939, 0.679507
-0.552465, -0.735842
0.954193, -2.217208
-0.291041, -0.155267
-0.628609, -1.628211
-2.696327, 4.085773
-0.432329, 0.656585
-0.739568, 0.242243
0.917698, 0.707154
3.530006, 2.796323
-0.113287, -2.166561
0.301677, -0.166231
-0.222354, -0.805083
-0.438260, -0.417973
-0.844665, 1.716091
-0.999841, -0.201827
1.048233, 0.629588
0.173212, -1.601758
3.862090, 1.295104
-3.546634, -1.178341
0.062942, 0.155117
-1.294451, -1.458405
0.276318, -0.209395
-0.296239, 1.285283
-2.469850, -1.682778
-0.886189, 1.350456
0.703243, 0.382762
-0.666342, -1.189850
-2.618690, 4.876801
-0.089195, 0.342639
-1.049022, 0.800749
1.677026, -0.007520
3.628979, 2.865212
0.071788, -1.870415
0.292352, 0.884560
-1.030932, -1.828892
0.275943, -1.268532
-3.684222, 1.059676
0.593134, 0.573744
0.832298, 2.509198
0.921062, -0.548975
1.043284, 0.555089
-1.575917, -0.736736
-0.236338, -0.524001
-1.525601, 2.514582
-0.053340, -0.158499
3.287597, 2.810248
0.758880, -2.374036
1.856561, -0.271233
-1.202069, -0.669659
-0.971475, -1.601156
-2.981756, 0.364675
-0.117648, 0.441055
2.526811, 1.910701
-0.116078, -0.133644
0.540420, 2.227535
-0.403728, -3.507863
0.552136, -1.889341
-0.556105, 1.677034
0.338475, -1.195141
-4.049940, 1.332281
0.742973, -0.407206
0.979443, -0.567130
-0.767670, 1.110767
-1.266692, 0.171990
-1.897779, 1.116827
0.269381, 0.231123
1.661628, 3.212788
0.484769, -0.450992
0.461719, 2.646162
1.445698, -3.171720
1.017577, -1.614456
0.283542, 1.107570
0.350338, -0.252152
-3.064369, -0.358132
0.083284, 0.329876
2.192219, -1.617420
-1.127640, 0.787789
0.534675, 1.415296
-0.656339, -2.244745
0.717672, -0.789046
-0.592964, 0.928501
-0.271990, 0.032895
-3.327378, -1.078940
1.036669, -0.305033
-0.235180, 0.406436
0.270915, 2.535664
-0.246144, 0.745764
-0.175413, -0.652264
-0.411584, 0.059601
0.919887, -0.714832
0.024399, 0.492442
1.167370, 3.168754
0.439286, -2.351022
-0.528249, -0.718242
2.397162, -0.483363
0.773214, -0.276196
-2.208564, -3.021565
-1.170166, 0.514036
-0.803259, -1.278728
-0.115146, 1.176055
-0.865832, 0.194638
-0.080705, 0.147342
-0.457773, 0.802614
1.465122, -0.565997
-0.586341, 0.133107
-0.287626, -2.060583
-0.036602, 0.297323
-1.340249, 0.124921
0.297613, -0.368567
-0.097528, 0.418490
-0.625671, -1.900241
-0.562200, 1.258565
-0.788433, -0.567180
-0.752595, 0.035349
-1.713263, -1.105661
1.484801, 1.936923
0.358644, 0.959132
-1.230896, -0.743458
-0.167350, -0.248088
-0.466821, -1.441218
0.109409, 0.447283
1.127028, 1.189532
-1.969196, -0.614922
-1.643186, 0.478382
1.709296, -1.221749
-0.712131, 0.726981
1.893356, 0.635946
-0.849247, -0.456042
-0.048808, -2.968010
-1.721942, 0.084159
-0.642736, -0.940242
-2.565095, 0.479816
-1.351918, 0.919214
1.623434, 0.163314
-0.608001, 1.003608
0.671036, 0.877824
-1.553517, -0.696559
-3.348552, -1.340366
1.487250, 0.091670
-0.154717, 0.769436
1.081686, 4.042308
0.411402, -0.808909
-0.377116, -1.305278
-0.478712, -1.067013
-1.061613, -2.846399
-2.341117, 1.292311
-1.089041, -0.422801
0.379958, 5.093188
0.095313, 0.353625
0.838474, 1.628175
0.313062, -1.829420
-1.665503, -2.303972
0.874543, 0.696714
-1.038777, 0.297034
1.142676, 3.676340
-0.502929, 1.025320
2.328400, -0.000000
-0.502929, -1.025320
1.142676, -3.676340
-1.038777, -0.297034
0.874543, -0.696714
-1.665503, 2.303972
0.313062, 1.829420
0.838474, -1.628175
0.095313, -0.353625
0.379958, -5.093188
-1.089041, 0.422801
-2.341117, -1.292311
-1.061613, 2.846399
-0.478712, 1.067013
-0.377116, 1.305278
0.411402, 0.808909
1.081686, -4.042308
-0.154717, -0.769436
1.487250, -0.091670
-3.348552, 1.340366
-1.553517, 0.696559
0.671036, -0.877824
-0.608001, -1.003608
1.623434, -0.163314
-1.351918, -0.919214
-2.565095, -0.479816
-0.642736, 0.940242
-1.721942, -0.084159
-0.048808, 2.968010
-0.849247, 0.456042
1.893356, -0.635946
-0.712131, -0.726981
1.709296, 1.221749
-1.643186, -0.478382
-1.969196, 0.614922
1.127028, -1.189532
0.109409, -0.447283
-0.466821, 1.441218
-0.167350, 0.248088
-1.230896, 0.743458
0.358644, -0.959132
1.484801, -1.936923
-1.713263, 1.105661
-0.752595, -0.035349
-0.788433, 0.567180
-0.562200, -1.258565
-0.625671, 1.900241
-0.097528, -0.418490
0.297613, 0.368567
-1.340249, -0.124921
-0.036602, -0.297323
-0.287626, 2.060583
-0.586341, -0.133107
1.465122, 0.565997
-0.457773, -0.802614
-0.080705, -0.147342
-0.865832, -0.194638
-0.115146, -1.176055
-0.803259, 1.278728
-1.170166, -0.514036
-2.208564, 3.021565
0.773214, 0.276196
2.397162, 0.483363
-0.528249, 0.718242
0.439286, 2.351022
1.167370, -3.168754
0.024399, -0.492442
0.919887, 0.714832
-0.411584, -0.059601
-0.175413, 0.652264
-0.246144, -0.745764
0.270915, -2.535664
-0.235180, -0.406436
1.036669, 0.305033
-3.327378, 1.078940
-0.271990, -0.032895
-0.592964, -0.928501
0.717672, 0.789046
-0.656339, 2.244745
0.534675, -1.415296
-1.127640, -0.787789
2.192219, 1.617420
0.083284, -0.329876
-3.064369, 0.358132
0.350338, 0.252152
0.283542, -1.107570
1.017577, 1.614456
1.445698, 3.171720
0.461719, -2.646162
0.484769, 0.450992
1.661628, -3.212788
0.269381, -0.231123
-1.897779, -1.116827
-1.266692, -0.171990
-0.767670, -1.110767
0.979443, 0.567130
0.742973, 0.407206
-4.049940, -1.332281
0.338475, 1.195141
-0.556105, -1.677034
0.552136, 1.889341
-0.403728, 3.507863
0.540420, -2.227535
-0.116078, 0.133644
2.526811, -1.910701
-0.117648, -0.441055
-2.981756, -0.364675
-0.971475, 1.601156
-1.202069, 0.669659
1.856561, 0.271233
0.758880, 2.374036
3.287597, -2.810248
-0.053340, 0.158499
-1.525601, -2.514582
-0.236338, 0.524001
-1.575917, 0.736736
1.043284, -0.555089
0.921062, 0.548975
0.832298, -2.509198
0.593134, -0.573744
-3.684222, -1.059676
0.275943, 1.268532
-1.030932, 1.828892
0.292352, -0.884560
0.071788, 1.870415
3.628979, -2.865212
1.677026, 0.007520
-1.049022, -0.800749
-0.089195, -0.342639
-2.618690, -4.876801
-0.666342, 1.189850
0.703243, -0.382762
-0.886189, -1.350456
-2.469850, 1.682778
-0.296239, -1.285283
0.276318, 0.209395
-1.294451, 1.458405
0.062942, -0.155117
-3.546634, 1.178341
3.862090, -1.295104
0.173212, 1.601758
1.048233, -0.629588
-0.999841, 0.201827
-0.844665, -1.716091
-0.438260, 0.417973
-0.222354, 0.805083
0.301677, 0.166231
-0.113287, 2.166561
3.530006, -2.796323
0.917698, -0.707154
-0.739568, -0.242243
-0.432329, -0.656585
-2.696327, -4.085773
-0.628609, 1.628211
-0.291041, 0.155267
0.954193, 2.217208
-0.552465, 0.735842
2.089939, -0.679507
0.365617, -0.607668
1.202433, -2.406874
-0.680822, 0.418812
1.053338, 0.727990
-0.511871, -3.981750
0.826301, -1.401142
1.339360, -1.608864
-0.210208, -0.387726
-5.924306, -5.047694
-1.416222, 1.972611
-2.893860, -2.297830
-0.743568, 3.527135
-2.564497, 0.328524
1.736728, 3.380012
0.228218, 0.354425
0.143192, 1.006535
0.748182, -0.571413
2.369338, 1.045518
-1.492604, -1.832767
-0.280258, -0.189225
2.339193, -0.210067
0.354431, 0.298989
0.428568, -1.225396
-0.405307, 0.200680
-1.410989, -1.462597
0.513091, 0.254286
0.406350, -1.647403
0.312691, 0.821158
0.344576, 0.898849
1.462771, -2.605400
0.272954, 0.590923
0.075060, -0.219999
-0.883041, -2.567343
-0.241724, -0.263899
1.495833, -2.345132
0.689791, -0.416718
-0.242889, -0.720037
-0.599814, 0.235425
-1.108450, -1.983282
0.000790, -1.134557
1.672532, -4.097961
-2.645024, -0.113937
0.552297, -0.277493
-4.442794, -3.374101
-0.885095, -1.204266
-2.434139, 4.325399
0.380535, 0.284541
-0.306530, 0.984271
0.136963, -1.423523
1.003300, -1.151226
-0.194609, -1.415962
-0.104233, -0.687646
-1.905716, 2.066263
-0.447235, -0.880367
0.063158, -0.599150
-0.431160, -0.953231
0.293828, 0.620651
-1.064328, -2.848983
-0.974965, -1.504270
-0.449691, 4.039834
0.032183, 0.354954
-0.332910, 1.517886
1.104608, -2.086281
2.984870, 0.723154
-0.566953, -5.193784
0.423058, -2.856417
-1.794621, 0.878033
-1.030654, -0.307990
-2.028327, 3.333045
0.576592, -2.556475
1.579567, -3.675333
-1.945580, -0.504817
0.133831, -1.828766
-3.111196, 1.420029
-0.279797, -0.309607
1.347303, 2.354331
-0.882735, -0.557552
0.236422, -0.557794
-0.567444, -3.851311
0.161370, -4.231624
-0.528391, 3.051255
-0.540583, -1.325878
-5.336967, 3.952775
0.891281, -0.670615
2.846975, -2.448083
-0.405724, -0.559996
2.887491, 0.695111
-5.783614, -5.025839
-1.203344, -1.066524
0.704762, 2.860496
-0.911099, -0.065369
-2.750498, 4.670792
1.186356, -3.484481
1.181038, -2.960054
-0.904429, 0.946141
-0.276400, -0.719239
-2.524728, 2.264446
0.221109, 0.552817
2.356193, 1.661774
-0.133209, -0.905489
2.350974, 2.251404
-1.390713, -5.918963
0.182362, -1.932224
2.440330, -0.191454
0.448646, -0.526446
-3.911993, 4.649440
0.249575, -1.521387
-0.263257, -2.675748
2.852598, -1.025644
4.806605, -0.583101
-3.244789, -4.829999
0.706497, -0.702587
-3.413553, -0.379360
-0.103284, -0.294667
-3.300340, 2.005525
1.883901, -2.655445
0.485534, -1.374899
1.303541, -2.613823
1.128346, -0.794840
-4.010437, 2.051301
-0.370177, -0.116511
-1.953315, -0.618295
1.779985, -0.514070
3.638727, 0.061506
-1.008997, -4.890275
1.198749, -0.789117
-2.061650, -3.112810
-0.782510, -0.109263
-5.604067, 2.315430
1.107103, -0.295159
0.638453, 1.376359
1.018192, -1.584372
0.893077, 1.188011
3.667898, -5.420985
-0.280860, 0.176447
1.258732, 2.683269
-2.040804, -1.570664
-2.127563, -0.173286
3.252732, -5.907993
3.750359, -3.181004
-0.595245, -1.256579
0.025700, -0.787528
-1.771743, 0.660037
-0.838261, -1.262660
4.010039, -2.943572
-3.767747, -3.807251
0.400912, -3.070367
-1.306980, -6.876303
1.866626, -3.818371
-1.224232, 7.352964
-1.867685, -0.326295
-10.839490, -4.094960
2.964485, -2.131114
3.965433, -8.476240
-5.383295, 7.626690
-1.198610, 0.985030
1.362408, 2.219488
0.176011, -0.317198
10.011338, 2.122616
-4.009937, -5.325748
1.777633, -4.971729
-3.893844, -7.951154
-0.966824, -6.404885
4.972460, 10.039510
0.022901, 0.414956
-5.642692, -3.613278
1.026047, -3.258579
4.095774, -7.720577
-4.315860, 0.599195
-0.683031, 0.199349
0.917116, -5.479987
-0.052757, -0.408729
10.490955, 3.223907
-4.559210, -3.180916
-3.723613, -7.221411
-5.467148, -5.986606
-4.111568, -9.813260
8.851181, 8.660159
1.946819, 2.216843
1.842144, -0.909732
-1.334551, -2.511261
6.022066, -11.787117
-6.839198, -3.164294
-0.823870, -5.697158
-0.828823, -5.527501
0.075923, -1.307090
17.667372, -4.774824
-2.331225, -0.918952
-8.903288, -10.732506
-10.110306, -5.020950
-15.118639, -15.922901
11.295768, 5.238528
5.161609, 0.291938
8.980248, 1.007040
0.922516, 0.012813
7.096695, -23.538403
-12.583482, -3.532469
-9.365330, -20.450551
-9.224751, -0.579923
-7.815740, -3.671834
37.544500, -12.579423
7.122847, -0.846470
3.782520, -12.832291
-20.277620, -9.859418
-30.311833, -63.492006
-19.389645, -1.770489
-8.338330, -45.244117
-3.896685, 28.614732
3.594870, -3.803585
81.933568, 18.549488
-55.731731, -24.064277
-339.981638, -334.670047
107.427802, 239.419440
15.133686, 149.224095
-12.655974, -18.549687
-3.771721, 1.218823
-57.159931, -4.806991
4.028786, 2.822040
-39.465503, 2.589042
27.266462, 35.236688
1.022589, 37.728398
4.585225, 29.492344
-10.065122, 23.527781
8.597013, -22.979582
-1.386047, -0.918517
-8.545874, 4.129866
5.861144, 10.390877
-9.703043, 21.266238
16.118397, 9.699324
1.760827, 10.347104
-1.649149, 4.299343
-1.856985, 1.498667
-10.752024, -17.293420
3.951968, 7.226762
0.659538, 8.420032
1.831652, 17.008959
-5.558033, 17.866741
2.172424, -5.318001
-3.643301, -0.294669
2.009717, 5.668104
1.487193, 2.062656
-2.850697, 11.313685
8.852645, 1.926486
6.326825, 4.167004
0.105243, 6.239170
0.631555, 3.823781
-11.810889, -8.772033
1.318191, 0.594853
4.478984, 5.469639
3.423533, 4.973309
3.598990, 11.901909
-2.023386, -4.034137
-3.330398, -0.845817
1.620542, 2.475865
-1.035485, -0.148032
-5.331546, 5.650957
4.051081, 0.167022
4.746397, -1.357459
0.980783, 7.513149
0.669975, 4.522364
-11.405670, -2.605648
-2.776598, -1.447373
3.563395, 8.826727
2.328946, 0.960611
6.943659, 10.078301
0.985281, -4.724216
3.382273, -0.595320
-3.233660, -1.993163
0.127907, -1.114711
-11.844830, 4.467203
1.604114, 0.083989
1.515845, -3.596777
2.533791, 7.074839
2.343541, 4.207024
-8.491781, 2.276978
-4.739341, -0.358855
0.328347, 4.805053
0.949830, 0.908741
0.438390, 7.249530
3.968265, 0.447027
5.530094, 1.397447
-1.961269, 2.597974
-1.715252, 0.189523
-3.660752, 3.362268
-0.302158, -0.349992
3.478914, -0.349419
1.829994, 1.777987
2.859701, 4.419285
-0.927496, 0.734050
-1.966703, 2.365284
1.824905, -1.147425
-0.921001, -0.184663
0.029040, 0.064797
0.237913, -0.360552
1.353305, -2.208326
-1.733886, 4.355121
-3.404151, 1.264497
-1.036255, 3.684768
-1.431327, 0.115243
0.726797, 3.464373
1.273179, -0.161393
0.648360, -1.177898
0.832596, 1.707624
0.898893, 1.254217
-2.366325, 4.023198
-0.967350, 0.298660
-1.836799, 0.064413
-0.309414, 0.211106
1.854370, -1.552601
-0.584688, 2.334430
0.281213, 2.294155
-2.295962, 3.408461
-2.438302, 1.969763
1.559970, 3.790400
0.240667, -0.707564
-0.076149, -1.520553
2.381533, 0.748955
2.277793, 1.054168
-1.582229, 3.614167
-2.036413, 2.564767
-2.031228, -0.592945
-0.958356, -0.471614
4.443519, 1.684722
-0.006336, 0.188536
0.686171, 2.494723
-0.370821, -0.456846
-0.241792, 0.809447
-0.212628, 0.738659
-0.293416, 0.929058
-3.557884, -0.102419
1.014170, 0.226309
1.622944, -2.287126
-0.222274, 3.232756
-0.818761, 3.967196
-2.566825, -0.231999
-2.771406, 0.740146
2.989197, 1.796130
1.046947, 0.239627
-2.358475, 1.468091
1.583173, -0.039957
0.407656, -2.157298
-0.472786, 5.262839
-0.389008, 2.212669
-3.736201, -0.107955
0.748517, 0.349001
1.227972, -3.015079
0.750962, 2.379126
-1.150757, 3.197460
0.065087, 1.534154
-2.181610, 1.767970
2.040415, 1.159330
-0.286862, 0.046465
-1.783034, -0.510283
1.650442, 0.711097
0.543861, -2.618344
-0.304128, 4.421967
-1.822509, 3.959359
-1.658018, 0.684014
-1.612531, 1.740247
6.801873, -0.974008
-0.340963, -0.307091
0.066170, -1.713890
-1.165397, 1.097522
-2.337441, 0.473529
-0.075354, 3.486512
-1.205240, 2.262006
2.114161, -0.675357
-0.357053, -0.135763
0.567529, -4.429076
-0.022000, 2.433230
-2.323655, 1.617692
-1.843372, 3.561273
-3.598733, 2.209696
5.114978, 0.597761
0.814070, 0.574488
1.000498, -2.649556
-0.716330, 0.160364
-1.716179, -3.890323
-3.276879, 5.627301
-3.455315, 2.319006
1.488789, 3.591179
-0.572553, 1.113108
2.533165, -0.872419
0.849097, 0.522169
-1.598324, -0.945354
0.075617, 3.146564
-4.302833, 1.694622
3.180756, 5.291392
-0.597798, 2.678829
4.503286, -2.743450
0.403861, -0.680744
1.533479, -4.072064
-1.684578, 3.176638
-3.973234, 2.465232
1.416961, 2.022624
-1.777666, 2.018755
5.355228, -0.907672
0.731932, 0.641798
-1.903093, -4.308418
-0.265558, 1.573770
-3.761340, -1.820526
1.010586, 7.817435
-2.192029, 4.332868
3.894008, -1.122261
0.339811, 0.203475
6.326106, -2.497984
-1.072906, -1.027767
-2.369140, -1.817333
-0.592369, 2.015350
-2.095169, 1.112216
2.191036, 0.496530
0.491436, 1.393089
-1.292712, -6.624313
-0.321883, 1.761239
-4.026242, -6.145911
-0.886377, 7.942235
-5.587586, 4.006975
1.207853, 2.873914
-2.195874, 1.427208
9.001656, 0.780386
-0.451101, -0.249167
-1.585166, -3.737315
-0.501081, 1.716295
-3.640872, -0.451980
0.625226, 5.687377
-1.118026, 2.773667
2.596893, -2.145142
0.537043, 0.872683
0.644896, -5.016003
-0.691094, 3.743106
-4.045181, 0.263301
-0.586985, 4.770536
-3.957044, 2.419933
8.484091, 2.296520
0.250154, 0.863352
3.008436, -4.134262
-0.883219, 0.586507
-2.514494, -4.540378
-0.500392, 4.424550
-4.499092, 3.313224
3.631581, 2.810429
-1.173942, 1.611173
7.522610, -3.587189
-0.917784, 0.035010
-0.075466, -4.008837
-3.535762, 2.277846
-3.675137, -1.428517
2.095727, 3.842278
-4.098607, 3.009975
4.812447, 0.122219
0.728639, 0.102543
-0.482546, -4.536897
-0.823908, 2.403577
-3.809345, -0.241203
0.061050, 5.865275
-2.659952, 2.837831
6.754227, 0.206373
0.711092, 0.424689
2.893572, -4.332412
-1.584441, 0.531151
-2.801910, -4.936124
-1.681331, 6.784582
-3.529264, 2.173138
3.536840, 2.581693
-0.053411, 0.234661
5.960349, -2.850447
-1.652276, 0.393628
-1.293270, -3.540736
-1.897739, 3.350254
-3.024858, 2.155339
3.202878, 1.674817
-0.836688, 1.315067
4.128920, -3.376070
-0.655544, -0.174983
-1.556423, -4.345441
-2.394720, 3.844212
-4.646745, 1.785734
1.848660, 4.102594
-2.113169, 1.656899
7.937455, -0.081049
0.105287, 0.051110
0.239521, -4.479823
-2.098300, 1.250893
-3.259021, -2.723937
-0.200733, 6.317025
-1.930232, 1.368385
3.352811, 1.168201
0.947283, -0.243263
1.884526, -2.492441
-1.165225, 0.916587
-2.117615, -1.625229
-0.274137, 3.646665
-3.104937, 1.532262
5.222148, 2.269480
0.133370, -0.131089
2.550076, -2.457744
-0.712983, -0.421793
-1.755790, -4.513416
-0.384237, 3.862042
-1.846990, 1.221859
-0.326233, 2.509480
-1.037040, -0.082934
4.754363, -1.529199
-0.744568, 0.450629
0.778221, -3.306690
-2.636062, 0.857575
-2.323703, -0.883071
-0.877321, 3.708088
-1.698045, 1.234616
0.510578, 1.007823
1.313710, 0.442317
2.324741, -3.044103
-1.722565, 2.151524
-0.844352, 0.190467
-2.019012, 3.605180
-1.998481, 1.060101
5.567972, 0.218608
0.520478, -0.838904
2.431452, -0.060797
-0.338912, -1.026989
-1.348347, -4.195460
-1.951169, 1.825196
-0.943868, 0.174475
-2.372674, 2.450304
0.004395, -0.197688
2.166764, -2.107832
-0.828576, 0.979309
0.553223, 0.295354
-2.445021, 0.546047
-3.063848, -0.687127
0.186844, 2.374290
0.361085, -0.107291
-0.189561, 2.519711
0.915215, -0.780081
-0.533702, -2.522611
-1.154670, 1.868887
-0.269463, 1.316320
-2.428517, 1.430249
-1.970533, 0.394157
1.983905, 0.419318
0.032093, 0.820057
0.791802, 1.743639
-0.829875, 0.187645
-1.444524, -1.312894
0.527777, 3.958442
0.017880, 0.562018
-0.747449, 0.679850
0.023345, 0.241162
3.076029, -0.582198
-0.456416, 0.550508
0.921590, 2.013713
-1.621453, -0.996556
-1.511388, 0.937248
2.690810, -0.876668
0.208874, -0.282844
-0.815432, -0.011178
-0.381695, 0.636373
-1.077816, -2.008711
-0.816604, 1.722340
0.512135, 1.813597
-2.280746, -0.284153
-0.600807, 0.189398
2.023561, -0.293255
-0.713612, 0.873331
-1.551184, 3.064733
0.647836, -0.988717
-0.933439, -1.237482
1.644457, 1.851963
0.902820, 0.113397
-4.030687, 0.543457
0.251465, -0.035557
-1.158425, -1.316641
1.121659, 2.298230
0.220763, 3.157335
-0.097374, -0.851357
-1.379875, -0.303919
0.581946, 0.691007
0.249985, -0.283415
-3.424277, 2.977374
1.904792, -0.186247
0.273775, -0.432518
2.285650, 2.249152
1.592407, 1.893653
-3.803158, -1.788695
-1.640225, -0.356477
2.787126, -1.384248
-0.355111, 1.634551
0.296233, 3.869441
0.224185, -1.861995
0.106070, -1.189842
0.394269, 0.486552
-0.221252, 0.333720
-5.600470, 0.088844
1.530257, 0.319019
1.686893, -1.142261
0.859597, 3.294435
0.943475, 4.242004
-2.758071, -3.494747
-1.575178, -0.323655
2.946037, -1.774661
-0.252159, 0.213392
-2.908180, 4.346018
0.829889, -0.477553
0.487639, -0.396803
0.992441, 0.686151
1.315805, 1.094804
-4.597880, -2.774284
-0.975856, 0.327472
0.936612, -1.197240
0.025861, 2.999413
-1.733420, 5.763993
0.840431, -2.839383
-0.660174, -0.833134
1.177607, 0.603794
0.607207, 0.466745
-4.919134, 0.484506
0.602144, 1.377668
0.621536, -0.288300
1.504568, 3.508844
0.448227, 3.549929
-0.826604, -3.250448
-0.649771, -0.659648
2.108803, -0.902350
-0.040790, 1.013411
-4.570198, 2.941530
1.446325, 0.443095
0.756623, -0.877273
1.143999, 3.918324
1.293409, 1.070834
-3.039651, -2.822772
0.318980, -0.221556
2.368200, 0.803530
0.053832, 1.716930
-1.506397, 4.617135
1.658735, -2.769213
-0.071088, -0.718577
2.726820, 0.181903
-0.181706, -0.176847
-3.888872, -0.899401
1.250776, 0.527518
1.006139, -0.508015
0.243207, 3.316022
-0.235031, 3.026834
-0.766157, -5.196404
-0.922905, -1.388929
3.566813, 1.226463
-1.583588, 0.520891
-4.540476, 3.275998
2.318206, -1.266905
0.553010, -1.628787
0.919001, 3.012303
0.407246, 1.089681
-4.574986, -3.925186
0.493052, 1.388578
2.841480, 0.067883
-1.019610, 3.416731
-1.771375, 3.442593
1.055155, -3.484432
-0.043764, -2.093168
2.176496, 3.124345
-0.368821, -0.536228
-4.801095, 0.668750
2.339963, 0.120635
1.589235, -0.408607
-0.221872, 3.216550
-0.597887, 2.429074
-0.946935, -4.596635
-0.203189, -0.283952
4.188740, 1.853031
-1.602960, 1.136740
-2.914203, 2.625608
2.088959, -3.001286
1.361353, -2.730707
-0.187260, 3.940194
-0.188556, 0.530163
-4.164602, -2.763724
1.401978, 0.537444
3.099975, 0.200939
-2.168854, 1.705479
-2.028746, 3.349422
0.913319, -2.708894
-0.029580, -1.509351
2.651818, 3.133830
-0.572759, -0.403302
-3.650503, -0.677222
1.499726, -0.311146
2.073425, -0.016604
-1.274470, 3.355723
-1.361127, 1.240355
0.218486, -4.132163
0.073179, -0.221116
4.527749, 2.461748
-3.106767, -0.749259
-3.064490, 0.595513
1.273366, -1.589029
0.482106, -1.296697
-0.865383, 4.469869
-0.647686, 0.066848
-1.719932, -2.363186
0.676686, 0.236542
2.992994, 0.979019
-2.992958, 1.722671
-2.458095, 1.409948
1.207646, -1.203856
-0.057110, -0.618007
2.664231, 3.770925
-0.460356, -0.736452
-2.558146, -2.079235
1.675248, 0.694459
2.272300, -0.922739
-4.264280, 3.050553
-1.249541, 0.872442
0.650968, -2.659329
0.654578, 0.162461
3.738779, 2.960833
-3.062852, -0.513120
-2.706923, -0.153264
1.432965, -0.221195
0.561433, -1.315482
-1.659771, 4.794699
0.407129, -0.403300
-0.715087, -2.119848
1.393044, 1.108211
2.906771, 0.856725
-4.242750, 0.682233
-1.748262, 0.571249
1.894444, -1.661532
-0.584543, 0.034832
1.340200, 4.827644
-0.257139, -1.217383
-1.465709, -1.742491
2.003314, 1.165478
1.730174, -1.152710
-4.188395, 3.030722
-0.800734, 0.207076
0.807840, -2.298374
1.064270, 0.417480
3.532719, 4.548886
-2.442963, -1.996925
-1.432073, -0.492601
0.962691, -0.884088
0.895451, -1.091759
-2.083700, 3.226619
0.381191, -0.113552
-0.358231, -2.433270
1.214018, 1.347535
2.438252, 0.230957
-4.708158, -0.042772
-2.024044, 0.128214
0.434735, -1.370322
0.296608, 0.410628
1.152548, 4.752153
-0.891799, -0.584336
-1.251942, -1.286161
1.209237, 0.885445
1.892141, -0.591988
-4.502742, 2.311093
0.124540, 0.208562
1.674844, -1.050793
0.631981, 0.327170
1.825693, 4.290127
-1.215204, -2.326110
-1.809482, -1.056396
1.237316, 0.078483
0.220308, -0.472424
-1.636382, 3.082945
0.766424, -0.635618
1.468607, -1.536460
-0.886907, 1.100290
1.213485, 0.592048
-3.021241, -0.479693
-1.038105, -0.400209
1.818972, -0.118766
-0.237724, 0.207961
-0.186302, 3.629600
-0.124709, -1.549370
-0.356092, -2.078603
-0.358339, 1.583958
0.924212, 0.031945
-4.098148, 1.194833
0.522803, 0.611756
2.240111, -0.425123
0.126743, 0.737476
0.252327, 2.736479
-1.232378, -1.555225
-0.627236, -1.128870
1.870075, 1.232376
-0.499683, -0.373345
-1.526339, 1.509057
0.751864, -0.223693
0.861586, -1.582608
-0.220442, 1.275127
0.659111, 1.332450
-3.021315, -1.587821
-0.729429, 0.104903
2.105130, 0.268183
-0.789284, 0.245533
-0.884101, 2.465394
1.196476, -0.876103
-0.965705, -0.746645
0.726356, 1.462189
0.024314, 0.193811
-2.223408, -1.289311
0.552188, 0.092142
1.031279, -0.776576
-0.668578, 1.641898
-0.858065, 1.913251
-1.118917, -1.076485
-1.145377, -0.478374
1.312132, 0.415700
-0.295390, 0.484791
-1.746080, 0.966589
0.489825, 0.863838
-0.325327, 0.464366
0.270884, 1.997285
0.237463, 1.169188
0.110007, -1.812915
0.462155, 0.094100
1.012354, -0.197277
-0.685896, 0.456938
-1.486129, 0.942557
0.461226, 0.345707
-0.249423, 0.276889
0.037776, 0.612949
0.304567, -0.135514
-0.346518, -0.651349
0.506846, 0.668877
-0.126001, 0.299492
-0.779003, 1.232220
-0.874853, 0.686241
1.357431, -0.501546
-0.481080, -0.385794
1.341572, 0.394245
-0.944310, -0.104604
-1.181668, -0.126618
-0.203410, 0.588664
0.055975, 0.432715
-0.275485, 1.213996
-0.380987, 0.621361
0.564183, -1.020031
0.020048, 0.558092
0.135825, 0.322617
-0.412078, 0.149750
-1.709803, -0.152990
1.127027, 1.724371
-0.468789, 0.415575
0.531767, 1.260699
-0.012927, -0.675035
1.093308, -1.232396
-0.898271, 0.491516
0.277438, 0.161768
-1.672347, 0.851296
-1.103005, 0.460144
0.911688, 1.562004
0.146454, 0.239381
0.744533, 0.855781
0.440263, -0.624668
-0.531077, -0.424922
0.922704, 1.611955
-0.749050, 0.387353
0.119423, 1.058956
0.014484, 0.217236
2.498247, -0.965646
-0.159188, -0.572536
0.137907, -0.498507
-0.634174, 0.054774
-1.759073, 0.139782
1.025308, 1.351698
-0.399543, 0.366017
0.799350, -0.327705
0.004399, -0.520549
1.593452, -1.027362
-1.400672, -0.155070
-1.769431, 0.425685
-0.372033, 1.103111
-0.623932, 0.764114
2.137051, 0.840908
0.175520, -0.083176
0.717673, -1.880965
-0.779141, -0.367715
-0.151331, -0.979598
-1.694415, 1.774973
-1.212989, 0.870355
0.212352, 0.414635
0.284915, -0.093579
1.676568, -0.135039
-0.225770, 0.504214
-1.173350, -0.732073
-0.534253, 0.600099
-0.759196, -0.697171
-0.052711, 2.918722
0.526527, 0.815265
0.841480, -1.129398
0.445232, -0.578294
1.151842, -0.030614
-1.578679, 0.295016
-0.857154, 0.165445
0.563474, 0.206086
0.377568, -0.081693
0.052747, 0.798362
0.368413, -0.436013
-0.658699, -1.329606
0.291094, 0.115626
0.393263, 0.271580
-0.980158, 0.489736
-0.813768, 0.405905
0.529985, -0.914587
-0.365433, -0.717016
1.219627, 0.126815
-1.161880, 0.158182
-1.603496, -0.155907
0.384627, -0.269897
-0.377672, -0.082052
0.283642, 0.310049
1.538123, -0.143593
-7.710832, -1.658469
1.557773, 0.974878
2.659177, 2.189631
-1.181997, 0.597519
-0.489204, -0.189406
-1.195207, -0.345079
-0.271737, 0.103818
-1.232568, 1.920409
0.853888, -0.145954
0.141070, -0.067322
0.677061, 0.555925
0.831700, 1.447906
-1.727729, -1.207863
-0.966865, 0.531986
-0.529997, -0.440208
0.528306, -0.071026
0.798982, 1.606053
-0.059981, 0.128764
-1.004455, -0.070405
-0.098250, -0.158174
0.326227, 0.106777
-2.337241, 0.615119
0.235208, 0.142831
0.329830, -0.531884
-0.030266, 1.054241
0.169280, 2.630065
-0.429623, -1.075699
-1.044189, 0.861420
1.205970, -0.445697
0.428140, -0.400195
-1.231960, 1.341930
0.696641, 0.596891
0.107878, -0.865150
0.006409, 0.843655
1.146647, 0.737979
-1.745808, -1.669189
-0.685162, 0.858333
0.622712, -0.575585
-0.315145, 0.205682
-0.579969, 1.899549
0.048638, 0.032015
-0.344301, -0.321630
0.839076, 0.700079
0.864760, 0.284012
-2.309558, 0.060967
0.539740, -0.339011
-0.175043, -0.615968
0.676557, 1.190264
0.215503, 2.385454
0.027119, -1.412588
-0.476888, -0.150835
0.822549, -0.558744
-0.116836, -0.572583
-1.951242, 0.799409
1.057509, 0.075707
-0.451363, 0.032885
0.869578, 1.046196
0.170032, 0.831333
-1.031490, -2.033048
-0.225445, 0.012105
-0.144695, -0.868310
-0.211337, 0.491429
-0.887138, 2.258987
0.681647, -0.403424
0.477868, 0.050970
0.133963, -0.733294
0.287087, 0.021122
-2.538127, -2.098892
0.443946, 0.717988
-0.683774, 0.231088
0.136831, 1.049585
0.007525, 1.540625
-0.437634, -2.212600
-0.582839, -0.159872
-1.137080, -0.933254
-0.094715, 0.513916
-2.676359, 0.629882
0.695788, 1.167291
-0.141341, 1.762079
0.263114, -0.289300
-0.428296, 0.603970
-0.985405, -1.580044
0.202271, 0.536442
-0.506914, 0.767813
-0.040296, 0.883889
-2.039309, 1.372421
1.695049, -0.164791
0.326005, 0.563187
-0.132739, -0.319513
0.015256, -0.264003
-2.488028, -0.832111
0.367970, 1.193051
-0.551249, 1.060358
0.422519, 0.986412
-0.409833, 1.555947
0.620471, -1.218277
0.205592, 0.013047
-1.253368, 0.143994
0.304565, 0.642631
-1.649011, -0.108024
1.394561, 1.056557
-0.243596, 0.943656
0.119042, 0.936653
-0.093719, 1.011973
0.104458, -2.537554
0.329569, 0.376675
-0.417917, 0.130115
-0.402558, 0.830413
-1.497553, 0.823883
1.416214, 0.870273
-0.574752, 0.781331
0.815424, -0.316280
0.474322, -0.148292
-0.769227, -1.449156
-0.073253, 0.834823
0.087342, -0.012284
-0.630264, 1.579153
-0.288377, 0.588437
-0.221613, -1.278224
0.232694, 0.363559
-0.138072, -0.331111
-0.261259, 0.400905
-0.983769, 0.000359
0.679090, 1.369757
-0.773190, 0.517051
-0.279084, 0.354339
-0.524507, 0.262609
1.088318, -0.995453
-0.161483, 0.747169
-0.072335, -0.175668
-0.797003, 0.925689
-0.319175, 0.749966
-0.267188, 0.300412
-0.147467, 0.541111
0.239274, 0.181145
0.517742, 0.026014
0.537405, -0.451039
0.139374, 0.869033
-0.357949, 0.600679
-0.793773, -0.293457
-0.246576, -0.146119
-0.012133, 0.218377
0.679097, -0.004375
-0.045683, 0.333618
-0.238100, -0.247015
-0.498763, 0.161114
-0.698328, 0.718663
0.083276, 0.494214
-0.738814, -0.014504
-0.212551, -0.139952
1.009213, 1.065061
0.489939, 0.093432
-0.226253, 0.607454
-0.391604, -0.707294
-0.083186, -0.876868
-0.994163, 1.245498
-0.042097, 0.161641
-0.945454, 0.825851
0.664708, -0.318716
1.331806, 0.891357
-0.375039, 0.033402
-0.022202, 0.440080
-0.878380, -0.864162
-0.813264, -1.329988
-0.630445, 2.433402
0.283546, 0.037937
0.471934, 1.412590
0.228155, -0.112621
0.928694, -0.483759
-1.243274, 0.541205
-0.331209, -0.345290
-0.768612, 1.165137
0.521096, -0.490903
2.212263, 2.275656
-0.146744, -1.054891
0.784541, -0.619006
-1.490243, -1.359341
0.504831, -1.107522
-2.284831, 1.806663
-0.734260, 0.051991
0.546775, 1.277703
0.156528, -0.476483
2.264232, 1.334118
-1.388729, -1.276277
-0.292887, -1.141568
-2.198673, 0.807321
-0.396261, -0.606476
-0.107400, 3.616969
0.329347, -0.068769
1.979801, 1.029583
-0.090804, -1.438391
1.861710, -0.738964
-3.092919, -0.356043
-1.305366, -0.274714
-0.811528, 2.168580
0.565743, -0.048206
1.635609, 3.729683
1.431087, -1.350746
1.363209, -1.154267
-1.145331, -1.680540
0.034121, -1.134645
-3.108982, 1.719065
-0.506339, 0.346871
1.557332, 2.078886
0.914079, -0.710930
2.650200, 1.096815
-1.290978, -2.049792
-0.388061, -1.710734
-2.065751, 0.652897
0.121859, -1.145664
-0.827365, 3.917486
1.624329, -0.330494
2.151193, -0.325040
-0.740713, -1.985996
1.270079, -1.606139
-4.169786, -0.881034
-1.217508, 0.118913
-1.017065, 2.315130
0.628495, 0.105539
1.987870, 3.270475
0.355143, -2.596337
1.044870, -1.046545
-2.548883, -1.819050
-0.245488, -0.885180
-3.386506, 2.868199
1.057385, 0.735487
1.773191, 2.459860
1.125325, -1.383260
2.512258, -0.521239
-1.900252, -4.872794
-1.439972, -1.112734
-2.781929, 0.856447
-0.822033, 0.830991
-0.658557, 3.907869
2.178247, 0.203462
1.457045, -3.497394
-1.132592, -13.197195
-4.331865, 11.451457
-6.863356, 2.086440
1.068862, -1.326334
0.173859, 2.730758
0.349489, -1.580907
1.340365, 4.151086
-0.892108, -2.981994
0.536645, 1.306753
-3.779555, -0.303457
-0.837233, 0.792810
-3.311710, 2.786215
2.679008, 0.749742
2.956964, 2.805986
-0.629195, -1.455765
1.501368, 1.256401
-3.146428, -2.596609
0.502534, -0.415506
-3.435500, 3.013254
0.975152, 0.535065
0.144733, 4.011056
2.117710, -1.545852
3.309724, 0.316546
-2.646170, -1.692661
0.123762, -0.057289
-4.258588, 0.095946
0.586137, 0.065949
0.494036, 4.703184
1.387900, -0.554649
2.181047, 1.268384
-0.703652, -2.681458
0.811754, -1.139370
-3.789802, 0.820103
-0.103040, 0.463686
-1.956840, 2.800542
1.980685, -0.114284
3.101678, 2.058149
-0.311673, -1.468667
1.119270, -0.097462
-3.150963, -2.146631
0.075249, -0.655920
-2.448137, 3.179356
0.911274, 0.340587
0.640732, 2.249941
1.000501, -1.105465
2.880553, 0.154006
-2.341693, -1.224548
-0.614212, -0.412478
-2.826773, -0.032364
0.146017, 0.122779
0.043938, 3.371933
1.248669, -0.359107
1.381026, 1.593096
-0.818960, -1.363039
0.916396, -0.985652
-3.276789, 0.578592
0.428411, -0.183467
-0.630075, 2.317956
1.131989, 0.154848
2.119414, 1.724547
0.170499, -1.246888
0.266407, -0.893008
-2.860413, -0.835696
0.185590, -0.637848
-1.761928, 2.132631
1.435667, 0.752841
1.016062, 2.090194
0.378700, -1.311496
1.149097, -0.042368
-1.893383, -1.640780
-0.807226, -0.351777
-1.338016, 1.318476
0.278236, 0.536286
0.287472, 2.879628
1.701431, -1.167789
0.913570, -0.155797
-1.056937, -1.279687
-0.318934, -0.054198
-2.704308, 0.434063
0.400943, -0.251012
0.306958, 2.106907
0.652728, 0.075864
1.654051, 1.205088
-1.249938, -1.327159
0.341385, -0.484770
-2.114554, -0.594339
0.409265, 0.424330
-1.293851, 1.157118
1.286869, 0.761751
1.165235, 0.646359
-0.475795, -0.826505
-0.133580, 0.189851
-1.914772, -1.141998
-0.339814, 0.011864
-0.531487, 1.221707
1.006146, 0.951590
-0.297988, 1.370542
0.796259, -1.300275
0.097452, -0.286640
-1.947051, 0.094388
-0.666475, -0.149788
-1.809660, 0.798867
0.715538, 1.216194
1.274231, 1.914885
0.610411, 0.082281
0.455249, 0.985039
-0.815132, -1.491448
-0.326166, -0.744866
-0.642952, 0.793417
0.569014, 0.583743
-0.530943, 0.792217
0.842907, 0.803916
0.074963, 0.745214
-0.534290, -0.206868
0.736333, -0.065258
-0.109188, -1.089734
-0.052436, 0.339679
0.070462, 1.745574
-0.265359, -0.028910
-0.035362, -0.003659
1.160548, -0.105568
0.229123, -0.453695
-1.023110, -0.012144
-0.013752, 0.357526
-0.396541, -0.902716
-0.460602, 0.829486
0.853467, 0.967460
-0.300219, -0.784611
-0.638286, 0.444714
0.520602, -0.105913
-0.500746, -0.135372
-0.897270, 1.107603
0.634655, -0.356581
-0.613340, -0.486636
0.241387, 1.127843
1.062227, 0.508104
-0.875863, 0.125196
-0.882160, 0.406466
1.168333, -1.354061
-0.863146, 0.040277
0.545589, 1.107340
-0.273536, -0.099474
-1.053645, -0.587529
0.462620, 1.324431
0.553137, -0.030472
-1.445620, 0.499687
0.519552, 0.566755
0.590910, -1.988663
-0.122862, 0.648418
0.732329, 0.756185
-1.333155, -0.037702
-1.393315, 0.600197
1.650187, -0.211064
-0.110434, -0.303624
-0.312335, 0.207220
0.498613, 0.020279
-1.262181, -2.249910
-0.029532, 2.017628
-0.209367, 0.325597
-1.446425, 1.039586
-0.950359, 0.019481
1.867747, -0.944884
-0.077899, 0.504630
0.589631, 0.845282
-0.691087, -0.318771
-2.131086, -0.608758
1.015473, 1.555198
0.372155, 0.005617
-1.028226, 0.039613
0.349569, 0.232346
0.982252, -1.707245
-0.785320, 1.109500
-0.596961, 0.797672
-1.169769, -0.102229
-1.543396, 0.356955
2.553041, 0.204968
-0.312174, 0.243638
-0.828637, 1.193217
0.345046, -1.308238
-0.998285, -1.477383
0.103121, 2.746957
-0.596287, 0.999847
-0.734226, -0.143911
-0.491412, 0.692248
3.000854, -1.117930
-0.612535, 0.180237
-0.993357, 0.890155
-0.309692, -0.176777
-1.793341, -0.533098
1.659118, 2.569887
0.461830, 0.071122
-0.060846, -0.452426
0.433663, -0.186685
1.329888, -3.374692
-2.141266, 2.196982
-1.035037, 0.888317
-0.977530, -0.238305
-1.449978, 0.356680
3.823671, 1.177364
-0.756108, -0.615857
-1.230069, -0.309779
-0.268634, 0.120174
-0.592296, -2.359180
-1.072441, 3.898948
-0.523784, 1.641008
-0.342655, -0.396259
0.561699, 1.201022
4.306346, -2.137163
-1.818725, 0.355512
-2.183435, 0.645920
-0.150886, 0.261502
-1.657623, -0.678689
2.708655, 3.983792
0.638474, -0.250445
0.256969, -1.188633
0.728415, -0.625196
1.316516, -3.412446
-2.890956, 2.201415
-1.050663, 1.224673
-0.725586, -0.605634
-1.170639, 0.817845
4.321312, 0.868366
-0.516278, -0.837683
-1.133251, -0.429807
-0.446494, -0.435569
-1.416941, -2.294447
-0.381672, 4.620408
0.261334, 0.804096
0.371890, -1.195884
-0.053576, 0.073536
2.983640, -2.289656
-2.318360, 0.576221
-2.136749, 0.817221
-0.245376, -0.015813
-2.130784, -0.421145
2.820497, 3.233495
0.457624, -0.538080
-1.568871, -1.581793
0.600434, 0.353278
0.596557, -2.307381
-2.672302, 2.923044
-1.440421, 1.356029
0.396597, -0.434275
-0.896431, 0.308957
4.045874, 1.443443
-1.038129, -0.914186
-2.439439, -0.486125
0.680949, 0.826689
-1.130432, -1.032408
-0.049354, 4.151640
0.267091, 0.066116
0.700291, -0.957617
0.264532, 0.410968
3.407627, -1.399350
-2.842626, 0.588127
-1.902267, 0.275056
0.181907, 0.038934
-0.880082, -0.294654
2.287732, 2.917334
0.291936, -0.594086
-1.017815, -1.773259
0.244379, 0.631717
0.787656, -1.763821
-2.383214, 2.278349
-1.006712, 1.481495
1.218350, -1.220581
-1.400018, 0.329117
4.327623, 0.968982
-1.342819, -0.913163
-2.783155, -0.575184
0.708016, 0.406172
-0.424297, -1.004298
-0.867868, 3.330204
0.326857, 0.481111
0.169066, -1.646786
0.222426, 0.511158
2.830191, -0.695761
-3.117700, 0.187728
-2.318504, 1.131705
0.876853, -0.085728
-0.397401, -0.519187
1.849114, 3.014999
-0.031004, -0.951967
-1.324594, -1.232649
0.575015, 0.196837
0.153907, -0.852490
-2.646741, 2.415665
-0.596073, 1.180473
1.081741, -0.462981
0.072775, 0.155174
2.982569, 1.436791
-1.396194, -0.884869
-1.838279, -0.287895
0.641605, 0.085156
-0.120078, -0.524738
-0.563363, 3.371021
0.485393, 0.063816
0.407418, -1.941915
0.404532, 0.876898
2.068833, -0.438598
-2.493802, 0.383301
-1.010894, 0.787530
1.041626, -0.990366
-0.615100, -0.253525
1.450158, 1.833218
-0.472633, -0.978607
-1.057447, -1.254784
-0.091649, 1.064099
0.379444, -0.647837
-2.230523, 2.311211
-0.031186, 0.866918
1.325841, -1.619246
0.366896, 0.463058
1.515599, 1.281843
-1.008344, -1.140543
-1.753191, -0.168028
0.941800, 0.316989
-0.477345, -1.110681
-0.543784, 2.482484
0.364404, -0.381013
0.488943, -1.218882
-0.258600, 0.348054
0.532382, -0.548907
-2.277799, 0.467497
-1.530114, 0.500159
1.366153, 0.349221
-0.852982, 0.196483
1.129191, 1.403496
-0.490689, -1.024308
-0.923894, -0.427054
0.415185, 1.458281
-0.087501, -0.503242
-1.494656, 1.406565
-0.248753, 0.479963
1.322379, -1.553657
-0.414890, 0.831495
0.937274, 1.012387
-1.354998, 0.146886
-1.670495, -0.119631
1.241025, 0.183569
-0.058136, 0.041527
0.016751, 2.067829
-0.205022, -0.716804
-0.086514, -1.021203
0.127688, 0.828249
0.247931, 0.709113
-1.510729, 0.728958
-0.726038, 0.088846
1.244700, -0.094599
-0.035086, 0.356379
0.576087, 1.442527
-0.271501, -0.496966
-1.883163, -0.663674
1.480433, 1.925044
0.964653, 0.482605
-1.149837, 0.340909
0.613676, -0.070621
0.924906, -1.691937
-0.420577, 0.775276
0.037052, 0.863873
-0.804024, -0.319769
-0.693863, 0.709052
1.366026, 0.250528
-0.076482, -0.451306
-0.333016, 0.505191
0.160586, -0.029598
-0.525312, -0.869115
0.052660, 1.304738
0.920469, 0.859357
-1.077353, -0.475759
0.042000, 0.583584
0.757211, -1.413867
-0.284978, 0.387846
-0.626521, 0.744134
0.119256, -0.161323
-0.801330, 0.279851
1.097523, 1.362204
0.374234, 0.014665
-0.677441, -0.685582
0.020818, -0.325147
-0.029097, -1.694081
-0.200862, 1.931724
-0.581082, 0.905561
-0.129050, 0.629701
0.114792, 0.133518
0.717159, -0.708326
0.004727, 0.021506
-0.519524, -0.458081
0.191406, 0.221693
-0.806888, 0.678671
0.611568, 1.301158
0.465713, 0.242042
-0.192341, -1.165356
-0.087092, -0.165030
0.294664, -1.376442
-0.653701, 0.594472
-0.796704, 1.436120
-0.261362, 0.601507
-0.023153, -0.209688
1.207520, 0.413524
0.471716, 0.159186
-1.220687, -1.204866
0.456243, 0.056661
-0.505885, -0.234218
-0.078344, 0.694474
-0.228285, 0.963390
0.201230, 0.043914
-0.565166, -0.148499
0.747594, -0.879257
-0.140526, -0.066352
-0.704503, 0.470766
-0.001353, 0.160689
-0.404219, 0.074008
0.449247, 0.600180
-0.066476, 0.391364
-0.406513, -0.996862
-0.438800, -0.365300
0.180697, -0.167432
-0.761362, 0.514560
0.062655, 1.546390
0.075210, -0.729500
-0.149853, 0.363486
-0.062430, -0.131819
-0.480663, -0.703515
-0.204205, 0.358802
-0.498175, -0.186208
-0.007657, 0.324483
-0.582501, 1.007187
0.049310, 0.788034
-0.414190, -0.251431
0.120528, -0.040862
0.042105, -0.632794
-0.219761, 0.156986
-0.796694, 0.857334
0.138630, 1.101974
-0.321920, -0.257781
0.024215, 0.356355
-0.105668, 0.233810
-0.178490, 0.622132
0.119067, -0.226577
0.394333, 0.227140
-0.206662, 0.656003
-0.166290, 0.707099
0.768609, 0.127986
0.299132, -0.239662
-0.112961, -0.235557
-0.466681, -0.318162
-0.000412, 0.105966
0.090470, 0.238815
0.463223, 0.540739
0.142731, 0.231904
-0.018003, -0.620890
-0.036561, -0.157795
-0.758596, -0.629551
0.056579, -0.552887
-0.617139, 0.251465
-0.085101, 0.297339
-0.738490, 0.767245
0.079459, 0.274940
-0.140015, 0.391232
-0.050038, -0.479709
0.170040, -0.302797
-0.636452, -0.734334
-0.120668, 1.016589
-0.766719, -0.011214
-0.525861, 0.592968
-0.011788, 0.792878
-0.277690, 0.115042
-0.314954, 0.028900
-0.049491, 0.020667
0.814272, 0.590089
-0.503771, 0.468782
0.092301, 0.015342
-0.638488, 0.630351
0.344365, 0.246273
-0.325491, 0.213384
0.379145, -0.752832
0.184878, 1.207411
-0.097081, -0.264728
0.266496, 0.302003
-0.048174, 0.731036
0.654339, -0.047167
-0.052569, -0.765365
-0.064268, -1.082683
-0.687042, 0.328700
-0.494185, -0.098918
0.040084, 0.976393
-0.039271, 0.086327
0.512254, 0.087744
-0.754313, -0.078393
-0.031957, -0.352117
-0.003994, -0.108246
-0.224767, -0.405236
-0.086101, 0.385727
-0.807478, 0.281031
0.197626, -0.032222
-0.675913, 0.573203
0.025065, -0.704042
-0.442904, 0.777104
0.117688, -0.445081
-0.314636, 1.075703
-0.503600, -0.913140
0.721069, -2.366176
-2.320921, 4.207090
-0.010749, 0.625300
0.363391, -0.706466
0.406954, -0.695784
-0.141248, 0.329625
-0.708287, -0.047725
-0.480068, 0.625986
-0.162259, 0.995511
0.331627, 0.853863
-0.501543, 0.396898
0.390948, -0.639962
-0.054015, -0.536611
-0.136390, 0.280917
0.430590, 1.298244
-0.607680, 0.258878
0.246963, 0.675678
0.104831, -0.786492
0.166427, -0.102684
-0.358327, 0.311129
0.046229, -0.232879
-0.183599, 0.100213
0.085046, 0.174249
0.553497, 0.240135
-1.061127, 0.627791
-0.498715, -0.338499
-0.142736, 0.022434
0.300082, -0.526503
0.453366, 0.722407
-0.355155, 0.258819
-0.805179, 0.329548
0.577714, 0.208229
-0.285665, -0.070104
-0.441498, 0.599122
0.117933, -0.897118
-0.034467, -0.093503
-0.431229, 0.239448
0.688541, 0.752656
-1.166430, 0.597447
-0.020139, 0.466976
0.126739, -0.076895
0.331112, -0.897643
0.065611, 0.402120
0.246741, -0.431329
-0.972172, 0.051983
-0.372822, 0.541421
-0.003021, 0.324961
-0.730656, 0.714573
-0.174296, -0.386121
-0.308973, 0.198536
0.638932, -0.041791
0.631317, 0.866542
-0.506729, 0.147312
-0.423586, 0.590318
-0.217696, 0.120407
0.825998, -0.444063
-0.069063, -0.068432
0.141814, -0.050194
0.054101, -0.440381
-0.356978, -0.251344
0.386202, 0.801035
-1.022628, -0.301512
-0.847046, -0.282877
0.079389, -0.556856
-0.230387, 0.708427
0.049855, 0.289889
-0.338134, -0.572498
-0.041976, 0.553135
-0.601750, -0.021055
-0.927050, 0.448124
-0.903194, 0.075223
0.100756, 0.006107
0.362951, 0.106390
-0.465602, 0.637769
-0.444060, 1.161687
-0.354357, 0.531281
-0.062688, -0.228973
-0.012625, 0.268554
0.187565, 0.381389
-0.534957, 0.712328
0.844521, 0.289388
-0.462432, -0.245642
0.419056, 0.508411
-0.397637, 0.452310
-0.390676, 0.102206
-0.067810, 0.445115
0.452880, 0.675862
0.822225, -0.464981
-0.223353, 0.609163
0.494363, -0.152231
-0.394800, -0.089472
0.384089, -0.379237
-0.284087, 0.171190
-0.483785, 0.389196
-0.329189, 0.424544
0.928197, -0.232432
-0.017531, -0.727038
0.261861, 0.429002
-0.646897, 0.144861
-0.295711, 0.606230
-0.323038, -0.161304
0.290237, -0.126318
0.484943, 0.190409
0.343970, -0.362510
0.054476, -0.558376
-0.512446, 0.271357
-0.496787, 0.017642
-0.694048, -0.298592
-0.423452, 0.544529
0.527287, -0.299232
-0.107131, 0.089141
0.295851, -0.175221
-0.152792, 0.089786
-1.383058, -0.124851
-0.438891, 0.218669
-0.078232, 0.213207
-0.063824, 0.198237
-0.223021, 0.565954
0.120854, -0.276780
-0.051601, 0.487222
-0.298676, -0.139395
-0.093175, 0.323638
-0.382454, 0.849377
-0.111812, -0.402326
0.178177, 0.100864
0.482027, -0.050000
0.079016, 0.423921
-0.188984, -0.332970
-0.002036, -0.028964
-0.408435, -0.595283
-0.678384, 0.486507
0.074325, 0.361481
-0.140483, -0.553857
0.226185, 0.238328
-0.441873, -0.288267
0.053556, 0.218137
-0.680304, 0.064831
-0.054613, 0.239207
-0.822030, -0.111536
0.099264, 0.202463
-0.112054, -0.151259
0.035691, -0.232419
-0.177264, 0.676896
-0.689767, 0.077848
-0.124520, 0.169664
-0.171149, 0.073444
-0.218946, 0.030536
-0.568739, 0.099823
0.274761, -0.407640
0.142638, 0.502930
-0.592178, 0.068603
-0.460895, 0.370456
-0.796608, 0.239102
0.154339, 0.637361
0.045339, -0.290906
-0.126415, -0.366292
0.570629, 0.716676
-0.580816, 0.174660
-0.156508, 0.643928
-0.154712, -0.218117
0.198247, -0.349268
-0.448867, -0.160563
0.377504, -0.014847
-0.492011, -0.030046
-0.562412, 0.483545
0.148999, 0.249925
-0.015414, -0.330426
-0.290265, 0.031976
-0.275462, -0.170129
-0.535106, 0.200640
-0.330198, -0.308753
0.241303, 0.272309
-0.536259, 0.387984
-0.255605, 0.430973
-0.172539, -0.708524
-0.067011, 0.160772
-0.099865, 0.350578
-1.135492, 0.036615
-0.336175, -0.444428
-0.246119, -0.045812
0.439263, 0.951832
-1.001178, 0.614199
-0.208479, 0.532629
-0.617409, -0.210028
0.666068, -0.195223
-0.357593, 0.528820
0.829070, 0.127712
-1.131861, 0.041166
-0.685251, 0.319722
0.681169, -0.040042
-0.029726, 0.800408
-0.289116, 0.006160
-0.306949, -0.071385
0.211338, -0.654545
0.150722, 0.102239
-0.141105, 0.821469
-0.793647, 0.335684
-0.136467, -0.373207
0.455573, -0.347849
-0.310808, 0.830688
0.279842, -0.526141
-0.755463, 0.000842
-0.467837, 0.112607
0.651746, 0.278069
-0.347781, 0.366549
0.397632, 0.402595
-0.107460, -0.192643
0.271802, -1.256309
-0.215929, 0.175628
-0.153117, -0.507451
-0.555948, 0.052405
-0.268308, 0.678492
0.502996, -1.038275
0.010774, -0.091686
-0.778578, -0.647840
-0.535700, -0.336666
-1.880623, 0.007875
0.649361, 0.455857
0.480033, 0.737407
0.040879, -0.265306
0.061835, 0.103816
-0.021032, -1.948968
0.067550, -0.193918
-1.309915, -0.843120
-0.859240, 0.816429
-1.465615, 0.812925
1.853101, -1.665729
1.271293, -0.496340
0.619119, -1.325630
-0.191616, 0.014601
-4.160060, -3.390973
-1.397755, 0.469404
-2.425204, -3.300746
0.305101, 1.900404
-0.047036, -0.738525
7.945854, -2.536378
0.441409, 0.390838
-38.021087, -13.637574
9.942946, 8.876867
5.930896, 10.603560
-0.604847, 0.319299
-0.552056, 0.551657
-4.679937, 1.547038
-0.881573, -0.461132
-4.133656, 1.234299
1.619673, 1.956389
1.419889, 2.160941
0.925836, 2.562583
0.189550, 2.930563
-0.596104, -1.110867
-1.009678, 0.159865
-1.104990, -0.094531
0.242854, -0.078019
-0.634771, 2.565736
1.176382, 0.414063
0.376609, 1.188898
-0.268471, 0.582400
-1.209824, 0.892598
-2.232595, -0.738011
-0.483196, 0.882649
0.363603, 0.578152
0.433068, 1.178958
0.511299, 2.346095
-0.247753, 1.084237
-1.097809, 0.118724
-0.753298, 1.011488
-0.122231, -0.411132
0.029684, 1.475651
0.761545, 1.135089
0.873754, 0.287052
-0.214108, 1.218929
0.603067, 0.917984
-1.489203, 0.249229
-0.551569, -0.013597
-0.210789, 0.510707
0.600741, 0.344245
1.478935, 1.417776
-0.069105, 0.643225
-0.263295, 0.450930
-0.314635, 0.058545
-1.043060, 0.526727
-0.006282, 0.896889
0.159564, -0.288870
0.650535, 0.323185
0.783131, 0.698898
0.297040, 0.776381
-1.490927, 0.970887
-0.609482, 0.224341
0.585569, 0.288414
-0.368746, -0.052455
1.032382, 0.774073
0.258648, -0.399643
0.655304, 0.601205
-0.901440, 0.457923
-0.328171, 0.443687
-1.074556, 0.427879
-0.017936, 0.186668
0.037540, -0.402005
0.348201, 0.036799
0.947238, 0.351383
-0.894793, 1.233042
-1.196954, 0.672584
-0.336303, 0.443430
-1.234751, -0.708726
0.210568, 1.189057
0.258267, 0.671177
0.799235, 0.486718
0.025049, 1.326247
0.010746, 0.368818
-0.175989, 0.873952
-0.550784, -0.063482
0.319009, -0.437973
-0.382061, -0.182437
0.730156, 0.648254
-0.188430, 0.526418
0.309228, 0.742575
-0.231226, 0.508993
-0.995337, 0.344890
-0.320833, -0.077845
-0.242838, -0.513485
0.271473, -0.049499
0.069408, 1.104703
0.314790, 1.011164
-0.412552, 0.559168
-0.389843, 0.238439
-0.549394, 0.061335
-0.993008, -0.375919
0.674491, 0.135081
0.227435, 0.312560
-0.547375, 0.716078
-0.123926, 1.563452
0.032125, -0.007927
-1.003972, 0.495630
-0.639288, 0.194969
0.166688, -0.508189
-0.103222, 1.022770
0.594849, 0.358346
-0.049359, 0.628217
-0.395913, 0.769446
-0.516769, 0.841253
-0.701919, -0.103739
-0.675862, 0.104698
0.281264, -0.084790
0.245442, 0.312935
0.076809, 1.765938
0.148806, 0.669761
-0.690020, 0.421885
-1.055725, 0.520733
0.680551, 0.719484
-0.287647, -0.271897
0.234188, 0.098271
0.829905, 0.490651
0.071426, 0.334281
-0.379573, 1.017805
-0.528386, 0.402959
-1.414415, -0.211964
-0.615924, 0.432560
0.861339, -0.347473
0.315284, 0.874415
0.003105, 1.022972
0.070917, 0.564539
-1.182350, 0.802818
-0.296808, 0.536509
-0.192688, -0.267506
-0.346979, 0.641628
1.076887, 0.034285
0.106592, 0.066823
0.120660, 1.182367
-0.328881, 0.395043
-1.365391, -0.029344
-0.515469, 0.987560
-0.134983, -0.184486
0.263759, 0.348248
0.288188, -0.199722
0.706912, 0.484541
-1.609162, 0.929056
-0.398865, 0.897695
-0.920658, 0.403055
-0.913479, 0.191084
-0.107474, 0.667912
0.357432, 0.401433
0.530009, 0.667179
0.107354, 1.425035
-0.474954, 0.766684
-1.031011, 0.850498
0.196371, 0.295436
-0.552898, 0.447199
0.581900, -0.146753
1.090822, 0.882794
-0.032761, 0.457796
-0.070653, 0.272442
-0.764346, 0.774933
-0.423462, -0.246667
-1.773315, 1.353888
0.368497, -0.271404
0.336506, 0.788358
0.624980, 0.293257
0.573835, 1.304079
-0.487131, 0.974373
-0.630036, 0.248182
-1.100183, 0.266465
0.073058, -0.578528
-0.377111, 0.847545
0.557649, 0.302271
0.855646, 1.178304
-0.978312, 0.514061
-0.368310, 1.043821
-1.491634, 0.452682
-0.453616, 0.276172
-0.034219, 0.985149
0.454587, 0.082386
1.339760, 1.634187
-0.475900, 0.328340
0.009330, 1.216019
-1.054076, 0.880031
0.255669, -0.376697
-1.074354, 1.022968
0.308460, 0.347671
1.531537, 0.824309
0.412283, 0.438280
0.748689, 0.632893
-1.218895, 0.376614
-1.146719, -0.037691
-0.984304, 1.139796
-0.096137, 0.000838
0.842673, 0.919254
0.964210, 0.314977
0.671425, 1.539822
-0.465746, 0.550031
-0.508744, -0.217197
-1.774322, 0.864447
0.172024, -0.298384
0.418025, 0.955686
0.405530, 0.152723
1.403483, 1.224516
-0.377915, 0.068914
-0.488084, 0.543441
-2.169702, 0.364110
-1.237042, -0.181319
0.338993, 1.698335
0.535564, 0.444466
1.399428, 1.386343
-0.004569, 0.156808
0.684477, 0.387763
-2.337649, 1.062660
-0.589339, -0.309748
-1.372747, 0.972221
0.834451, 0.615919
1.221409, 0.978303
0.502490, 0.322474
0.329966, 1.428803
-0.999657, 0.294300
-1.412599, -0.034987
-1.371330, 1.098805
-0.247298, 0.023704
1.062093, 1.682244
1.073576, 0.621015
0.883684, 1.117684
-0.988915, 0.881616
-0.364488, 0.230400
-2.060324, 0.356033
-0.181466, 0.496854
0.820768, 1.209993
0.330886, 0.392277
0.971779, 1.328207
0.537405, 1.072738
-0.094161, 0.311919
-2.002195, 0.404703
-0.778231, 0.074936
-0.679540, 1.026494
1.744355, -0.121158
0.690500, 1.523780
0.327017, 0.290117
-0.074958, -0.218242
-2.800920, 1.519168
-1.155401, 0.445476
-1.046026, 0.578248
-0.329887, 0.392309
0.740368, 1.768214
0.702792, 1.193052
0.232760, 2.111481
-0.937822, 1.774841
-0.495655, 0.378913
-1.338403, 0.890812
0.168115, -0.365407
0.689357, 1.678563
1.099509, 0.882403
1.352661, 2.205852
-0.440996, 0.527376
-0.677688, 0.738518
-1.591672, 0.696342
-0.654112, -0.547524
-0.563954, 1.032442
1.273488, 0.506160
0.672753, 2.490119
0.414158, 2.084812
-0.325919, 1.148917
-1.509006, 0.433983
-0.979338, -0.129140
-0.682828, 0.679031
0.426995, 0.914103
1.508119, 2.162999
0.680905, 1.622663
0.002224, 2.171971
-1.169424, 1.193396
-0.625897, 0.143225
-1.390290, 0.421147
0.699285, 0.292383
0.992108, 1.469484
1.331122, 2.252096
0.820344, 2.363550
-0.829256, 0.869143
-1.215879, 0.578378
-1.105931, 0.399358
-0.278161, 0.293644
0.398753, 0.872340
1.635575, 1.943193
1.129335, 1.836005
-0.812241, 2.633201
-0.198901, 1.426038
-1.517592, 0.586348
-0.901144, -0.372193
0.769973, 0.527563
0.778619, 1.038511
1.458917, 2.914703
0.843712, 2.015749
-0.365605, 2.108483
-2.019623, 0.813654
-0.898182, -0.278448
-0.782471, 0.204498
0.656090, 0.686007
1.375904, 1.930504
1.266018, 2.928106
-0.065256, 3.267245
-1.292393, 1.736182
-2.021133, 0.807391
-0.625613, -0.666537
0.618113, -0.408764
1.300304, 1.183386
0.571644, 3.227708
-0.353960, 3.970245
-0.886486, 3.396103
-1.300362, 1.559169
-1.713289, 0.191550
0.287291, -0.062389
1.097070, 0.269800
1.435820, 2.691198
0.555896, 3.952523
0.002442, 4.461136
-2.629849, 2.772275
-1.628564, 1.160724
-0.633333, -0.256095
0.268524, 0.061418
1.883134, 2.488145
1.035448, 3.282805
0.113433, 5.789580
-1.256247, 5.281799
-2.120799, 2.637306
-1.557223, 1.056185
0.237709, -0.670317
1.602538, 0.672548
2.272831, 3.273976
1.420651, 6.352074
-0.987754, 6.872375
-2.708535, 4.827225
-2.714577, 2.522296
-2.404304, -0.318530
1.663382, 0.776155
3.123154, 3.203768
3.267961, 6.331591
0.710882, 9.932173
-1.846684, 9.150573
-4.378351, 5.326358
-3.847450, 1.360760
0.312854, -0.779148
4.308905, 1.695313
6.278592, 7.696436
3.805362, 12.866899
-1.333070, 14.934345
-7.454444, 12.503309
-9.057727, 5.988959
-4.610526, 0.214394
4.186646, 1.200392
12.979354, 10.007357
13.694556, 25.910150
4.644621, 42.453860
-17.152369, 52.552026
-41.073239, 46.472476
-62.995775, 27.756127
